376.5	0.02722
377.01	0.026379
377.51	0.027218
378.02	0.026174
378.52	0.02519
379.02	0.025776
379.53	0.027331
380.03	0.024229
380.54	0.026841
381.04	0.025433
381.54	0.023805
382.05	0.02456
382.55	0.026072
383.06	0.026357
383.56	0.024259
384.06	0.025158
384.57	0.025289
385.07	0.02319
385.58	0.024312
386.08	0.0233
386.58	0.023693
387.09	0.022854
387.59	0.02119
388.1	0.022821
388.6	0.022837
389.1	0.022425
389.61	0.020638
390.11	0.021376
390.62	0.020065
391.12	0.021059
391.62	0.019373
392.13	0.019863
392.63	0.019286
393.14	0.019904
393.64	0.01874
394.14	0.018743
394.65	0.017835
395.15	0.017143
395.66	0.017282
396.16	0.01704
396.66	0.017119
397.17	0.017036
397.67	0.015789
398.18	0.01621
398.68	0.016322
399.18	0.01603
399.69	0.015508
400.19	0.015726
400.7	0.015121
401.2	0.01506
401.7	0.014549
402.21	0.014943
402.71	0.014481
403.22	0.014625
403.72	0.013885
404.22	0.014586
404.73	0.01377
405.23	0.013557
405.74	0.014104
406.24	0.013472
406.74	0.013516
407.25	0.013197
407.75	0.013546
408.26	0.013195
408.76	0.013437
409.26	0.012949
409.77	0.013473
410.27	0.012888
410.78	0.013376
411.28	0.012889
411.78	0.013342
412.29	0.012996
412.79	0.012849
413.3	0.012886
413.8	0.012795
414.3	0.013556
414.81	0.01296
415.31	0.013321
415.82	0.01336
416.32	0.012988
416.82	0.013179
417.33	0.013296
417.83	0.013482
418.34	0.012986
418.84	0.013445
419.34	0.013581
419.85	0.013526
420.35	0.013396
420.86	0.013616
421.36	0.013732
421.86	0.013875
422.37	0.013934
422.87	0.014008
423.38	0.013831
423.88	0.013678
424.38	0.014058
424.89	0.014071
425.39	0.014207
425.9	0.014253
426.4	0.014185
426.9	0.014264
427.41	0.014253
427.91	0.014117
428.42	0.014202
428.92	0.014377
429.42	0.014262
429.93	0.014288
430.43	0.014295
430.94	0.014497
431.44	0.014455
431.94	0.014459
432.45	0.014354
432.95	0.014367
433.46	0.014323
433.96	0.014387
434.46	0.014172
434.97	0.014505
435.47	0.014376
435.98	0.014322
436.48	0.014248
436.98	0.014154
437.49	0.014253
437.99	0.014467
438.5	0.014288
439	0.01417
439.5	0.01419
440.01	0.013943
440.51	0.014141
441.02	0.014143
441.52	0.013975
442.02	0.01401
442.53	0.014106
443.03	0.014096
443.54	0.014049
444.04	0.013982
444.54	0.014023
445.05	0.014186
445.55	0.013998
446.06	0.014207
446.56	0.01404
447.06	0.014157
447.57	0.014099
448.07	0.014046
448.58	0.014183
449.08	0.014175
449.58	0.014423
450.09	0.014211
450.59	0.014248
451.1	0.014325
451.6	0.014354
452.1	0.014385
452.61	0.01424
453.11	0.014394
453.62	0.014248
454.12	0.014449
454.62	0.014292
455.13	0.01431
455.63	0.014377
456.14	0.014367
456.64	0.014408
457.14	0.014419
457.65	0.014354
458.15	0.014362
458.66	0.014475
459.16	0.014371
459.66	0.014412
460.17	0.014502
460.67	0.014345
461.18	0.01445
461.68	0.014458
462.18	0.014513
462.69	0.014297
463.19	0.014307
463.7	0.014442
464.2	0.014454
464.7	0.014488
465.21	0.014311
465.71	0.0144
466.22	0.014432
466.72	0.014363
467.22	0.014395
467.73	0.014394
468.23	0.014437
468.74	0.014332
469.24	0.014336
469.74	0.014478
470.25	0.014403
470.75	0.014356
471.26	0.014462
471.76	0.014404
472.26	0.014352
472.77	0.014478
473.27	0.014335
473.78	0.014487
474.28	0.014465
474.78	0.014338
475.29	0.014403
475.79	0.014421
476.3	0.014415
476.8	0.014388
477.3	0.01431
477.81	0.014458
478.31	0.014303
478.82	0.014474
479.32	0.014364
479.82	0.014271
480.33	0.014379
480.83	0.014314
481.34	0.014357
481.84	0.014291
482.34	0.01432
482.85	0.014398
483.35	0.01437
483.86	0.014276
484.36	0.014328
484.86	0.014285
485.37	0.014237
485.87	0.014277
486.38	0.014189
486.88	0.014242
487.38	0.014277
487.89	0.014213
488.39	0.014317
488.9	0.014194
489.4	0.014194
489.9	0.014144
490.41	0.014124
490.91	0.014153
491.42	0.014127
491.92	0.014091
492.42	0.014127
492.93	0.014152
493.43	0.014112
493.94	0.014114
494.44	0.014066
494.94	0.014085
495.45	0.014095
495.95	0.013994
496.46	0.014026
496.96	0.014052
497.46	0.013967
497.97	0.013972
498.47	0.014055
498.98	0.013961
499.48	0.013953
499.98	0.014016
500.49	0.014038
500.99	0.013974
501.5	0.014007
502	0.013924
502.5	0.013936
503.01	0.01397
503.51	0.014003
504.02	0.014044
504.52	0.01402
505.02	0.013929
505.53	0.014009
506.03	0.013996
506.54	0.013949
507.04	0.014013
507.54	0.013936
508.05	0.013965
508.55	0.014039
509.06	0.014044
509.56	0.014005
510.06	0.014038
510.57	0.014004
511.07	0.014002
511.58	0.014061
512.08	0.014001
512.58	0.013962
513.09	0.013972
513.59	0.013941
514.1	0.013999
514.6	0.013951
515.1	0.014009
515.61	0.013926
516.11	0.013892
516.62	0.013948
517.12	0.013942
517.62	0.013866
518.13	0.013964
518.63	0.013919
519.14	0.013872
519.64	0.013893
520.14	0.013868
520.65	0.013848
521.15	0.013928
521.66	0.013816
522.16	0.013903
522.66	0.013818
523.17	0.013787
523.67	0.013816
524.18	0.01379
524.68	0.01383
525.18	0.013808
525.69	0.013741
526.19	0.013765
526.7	0.013799
527.2	0.013752
527.7	0.013745
528.21	0.01369
528.71	0.013694
529.22	0.01369
529.72	0.01366
530.22	0.013714
530.73	0.013765
531.23	0.013695
531.74	0.013683
532.24	0.013638
532.74	0.013623
533.25	0.013676
533.75	0.013652
534.26	0.013583
534.76	0.013581
535.26	0.013628
535.77	0.013599
536.27	0.013584
536.78	0.013608
537.28	0.013553
537.78	0.013583
538.29	0.013609
538.79	0.013555
539.3	0.013582
539.8	0.013513
540.3	0.013544
540.81	0.013538
541.31	0.013515
541.82	0.013512
542.32	0.013531
542.82	0.013452
543.33	0.013486
543.83	0.013504
544.34	0.013419
544.84	0.013435
545.34	0.013464
545.85	0.013402
546.35	0.013405
546.86	0.013388
547.36	0.013398
547.86	0.013407
548.37	0.013406
548.87	0.013442
549.38	0.013412
549.88	0.013312
550.38	0.013331
550.89	0.013417
551.39	0.013305
551.9	0.013347
552.4	0.013333
552.9	0.013322
553.41	0.013258
553.91	0.013293
554.42	0.013336
554.92	0.013285
555.42	0.013264
555.93	0.013266
556.43	0.013272
556.94	0.013267
557.44	0.013191
557.94	0.013297
558.45	0.013257
558.95	0.013215
559.46	0.013236
559.96	0.013183
560.46	0.013184
560.97	0.01318
561.47	0.013205
561.98	0.013171
562.48	0.013152
562.98	0.013228
563.49	0.013145
563.99	0.013133
564.5	0.013118
565	0.013117
565.5	0.013058
566.01	0.013129
566.51	0.013088
567.02	0.013127
567.52	0.013057
568.02	0.013107
568.53	0.013057
569.03	0.013077
569.54	0.01304
570.04	0.013043
570.54	0.013044
571.05	0.013093
571.55	0.012999
572.06	0.012985
572.56	0.012973
573.06	0.012994
573.57	0.012965
574.07	0.012951
574.58	0.012982
575.08	0.013002
575.58	0.012947
576.09	0.012922
576.59	0.012916
577.1	0.012939
577.6	0.012889
578.1	0.012901
578.61	0.01291
579.11	0.012878
579.62	0.012883
580.12	0.012861
580.62	0.01288
581.13	0.01294
581.63	0.012871
582.14	0.012847
582.64	0.012818
583.14	0.012803
583.65	0.012853
584.15	0.012838
584.66	0.012792
585.16	0.012804
585.66	0.012798
586.17	0.012838
586.67	0.012737
587.18	0.012826
587.68	0.012795
588.18	0.012754
588.69	0.012796
589.19	0.01274
589.7	0.012837
590.2	0.012744
590.7	0.012735
591.21	0.01278
591.71	0.01271
592.22	0.012737
592.72	0.012698
593.22	0.012675
593.73	0.012763
594.23	0.012672
594.74	0.012692
595.24	0.012699
595.74	0.012727
596.25	0.01273
596.75	0.012651
597.26	0.012662
597.76	0.012624
598.26	0.01267
598.77	0.01268
599.27	0.01265
599.78	0.012639
600.28	0.012652
600.78	0.012634
601.29	0.012613
601.79	0.012571
602.3	0.012644
602.8	0.01262
603.3	0.012584
603.81	0.012635
604.31	0.012627
604.82	0.012534
605.32	0.012568
605.82	0.012514
606.33	0.012499
606.83	0.012598
607.34	0.012524
607.84	0.012489
608.34	0.012486
608.85	0.012536
609.35	0.012508
609.86	0.01249
610.36	0.012488
610.86	0.012483
611.37	0.012465
611.87	0.012462
612.38	0.012454
612.88	0.012442
613.38	0.012409
613.89	0.012456
614.39	0.012488
614.9	0.012407
615.4	0.012458
615.9	0.012396
616.41	0.012366
616.91	0.012349
617.42	0.012338
617.92	0.012347
618.42	0.012415
618.93	0.012384
619.43	0.012332
619.94	0.01234
620.44	0.012355
620.94	0.012278
621.45	0.012376
621.95	0.012301
622.46	0.012255
622.96	0.012264
623.46	0.012204
623.97	0.0122
624.47	0.012241
624.98	0.012274
625.48	0.012235
625.98	0.012198
626.49	0.012154
626.99	0.012125
627.5	0.012128
628	0.012149
628.5	0.012188
629.01	0.012141
629.51	0.012137
630.02	0.012071
630.52	0.012184
631.02	0.012145
631.53	0.012131
632.03	0.012112
632.54	0.012189
633.04	0.01213
633.54	0.012082
634.05	0.012143
634.55	0.012017
635.06	0.012093
635.56	0.012013
636.06	0.012087
636.57	0.012062
637.07	0.012041
637.58	0.012054
638.08	0.012103
638.58	0.011972
639.09	0.012056
639.59	0.011993
640.1	0.012
640.6	0.012056
641.1	0.011956
641.61	0.012047
642.11	0.011983
642.62	0.011978
643.12	0.011916
643.62	0.011948
644.13	0.011878
644.63	0.011881
645.14	0.011878
645.64	0.011846
646.14	0.011902
646.65	0.01186
647.15	0.011853
647.66	0.011962
648.16	0.011909
648.66	0.011908
649.17	0.011826
649.67	0.011867
650.18	0.011874
650.68	0.011791
651.18	0.011814
651.69	0.011911
652.19	0.011871
652.7	0.011857
653.2	0.011903
653.7	0.011927
654.21	0.011876
654.71	0.011879
655.22	0.011867
655.72	0.01188
656.22	0.011839
656.73	0.011889
657.23	0.011825
657.74	0.011939
658.24	0.011809
658.74	0.01195
659.25	0.011834
659.75	0.011876
660.26	0.01185
660.76	0.01191
661.26	0.011817
661.77	0.011878
662.27	0.011857
662.78	0.011838
663.28	0.01185
663.78	0.011739
664.29	0.011769
664.79	0.01181
665.3	0.011807
665.8	0.011753
666.3	0.011711
666.81	0.01165
667.31	0.011793
667.82	0.011762
668.32	0.011662
668.82	0.011707
669.33	0.011729
669.83	0.011539
670.34	0.011648
670.84	0.011567
671.34	0.01161
671.85	0.011493
672.35	0.011616
672.86	0.011536
673.36	0.011454
673.86	0.011412
674.37	0.011416
674.87	0.011442
675.38	0.011304
675.88	0.011322
676.38	0.011323
676.89	0.011264
677.39	0.011266
677.9	0.01134
678.4	0.011164
678.9	0.011164
679.41	0.011312
679.91	0.011171
680.42	0.011269
680.92	0.011283
681.42	0.011087
681.93	0.011234
682.43	0.011106
682.94	0.011079
683.44	0.011127
683.94	0.011016
684.45	0.011137
684.95	0.011081
685.46	0.011012
685.96	0.011058
686.46	0.011139
686.97	0.010965
687.47	0.011022
687.98	0.011118
688.48	0.011028
688.98	0.011114
689.49	0.011027
689.99	0.011111
690.5	0.010945
691	0.010999
691.5	0.010888
692.01	0.010959
692.51	0.011084
693.02	0.011034
693.52	0.011068
694.02	0.010883
694.53	0.010953
695.03	0.010875
695.54	0.011045
696.04	0.010982
696.54	0.010898
697.05	0.010886
697.55	0.011043
698.06	0.010993
698.56	0.010781
699.06	0.010811
699.57	0.010772
700.07	0.010674
700.58	0.010907
701.08	0.010635
701.58	0.01068
702.09	0.010566
702.59	0.010418
703.1	0.01042
703.6	0.010659
704.1	0.010427
704.61	0.010433
705.11	0.01048
705.62	0.010378
706.12	0.010414
706.62	0.010209
707.13	0.010265
707.63	0.010151
708.14	0.010145
708.64	0.0099017
709.14	0.010253
709.65	0.0099908
710.15	0.010056
710.66	0.0099092
711.16	0.0098677
711.66	0.009634
712.17	0.0097832
712.67	0.0096457
713.18	0.0096165
713.68	0.0095148
714.18	0.0096391
714.69	0.0098042
715.19	0.0093841
715.7	0.0094674
716.2	0.0096111
716.7	0.0093661
717.21	0.0093609
717.71	0.0093233
718.22	0.009218
718.72	0.0094128
719.22	0.0090158
719.73	0.0092328
720.23	0.0091757
720.74	0.008787
721.24	0.0090677
721.74	0.0093722
722.25	0.0091973
722.75	0.0092833
723.26	0.0091184
723.76	0.0084907
724.26	0.0091238
724.77	0.0087436
725.27	0.0089014
725.78	0.0089809
726.28	0.0088107
726.78	0.0087477
727.29	0.008704
727.79	0.0089223
728.3	0.0092834
728.8	0.0085869
729.3	0.0087527
729.81	0.0094792
730.31	0.0088868
730.82	0.008734
731.32	0.00917
731.82	0.0086975
732.33	0.0092618
732.83	0.0093701
733.34	0.0091909
733.84	0.0090759
734.34	0.0087415
734.85	0.0091304
735.35	0.0093331
735.86	0.0090862
736.36	0.0093183
736.86	0.0093238
737.37	0.0092576
737.87	0.0090885
738.38	0.0087961
738.88	0.0092943
739.38	0.0091913
739.89	0.0089418
740.39	0.00927
740.9	0.0090632
741.4	0.0093231
741.9	0.0095878
742.41	0.0091183
742.91	0.0096099
743.42	0.0096463
743.92	0.0099311
744.42	0.0099466
744.93	0.0096707
745.43	0.0097314
745.94	0.0095988
746.44	0.010174
746.94	0.010376
747.45	0.0098157
747.95	0.0097971
748.46	0.0096031
748.96	0.010302
749.46	0.0096458
749.97	0.010201
750.47	0.010206
750.98	0.010342
751.48	0.010289
751.98	0.0098558
752.49	0.0093336
752.99	0.010073
753.5	0.0099747
754	0.0096422
754.5	0.010187
755.01	0.010258
755.51	0.010154
756.02	0.009731
756.52	0.010202
757.02	0.0099557
757.53	0.0096961
758.03	0.0097416
758.54	0.010324
759.04	0.0092806
759.54	0.010092
760.05	0.0096699
760.55	0.010429
761.06	0.010651
761.56	0.01053
762.06	0.0096474
762.57	0.010195
763.07	0.0095639
763.58	0.010308
764.08	0.0095819
764.58	0.011166
765.09	0.010029
765.59	0.010677
766.1	0.010478
766.6	0.010288
767.1	0.0098916
767.61	0.010404
768.11	0.010438
768.62	0.01076
769.12	0.011212
