376.5	0.025873
377.01	0.02616
377.51	0.025541
378.02	0.025306
378.52	0.025003
379.02	0.025739
379.53	0.025931
380.03	0.023841
380.54	0.026243
381.04	0.02403
381.54	0.024007
382.05	0.025505
382.55	0.025837
383.06	0.025866
383.56	0.022898
384.06	0.024594
384.57	0.024055
385.07	0.023075
385.58	0.023746
386.08	0.022715
386.58	0.023447
387.09	0.022787
387.59	0.021667
388.1	0.022107
388.6	0.021531
389.1	0.020804
389.61	0.020539
390.11	0.020736
390.62	0.020244
391.12	0.020094
391.62	0.018859
392.13	0.019209
392.63	0.018442
393.14	0.018718
393.64	0.018126
394.14	0.018289
394.65	0.017815
395.15	0.016833
395.66	0.016694
396.16	0.016819
396.66	0.016882
397.17	0.016644
397.67	0.015551
398.18	0.015733
398.68	0.016128
399.18	0.015761
399.69	0.015029
400.19	0.015078
400.7	0.014501
401.2	0.014347
401.7	0.014175
402.21	0.014606
402.71	0.01376
403.22	0.014104
403.72	0.013612
404.22	0.014055
404.73	0.013899
405.23	0.013303
405.74	0.013266
406.24	0.013152
406.74	0.012981
407.25	0.012183
407.75	0.01285
408.26	0.012391
408.76	0.013064
409.26	0.012625
409.77	0.012583
410.27	0.012105
410.78	0.012646
411.28	0.012401
411.78	0.012576
412.29	0.012158
412.79	0.011992
413.3	0.012022
413.8	0.011887
414.3	0.01248
414.81	0.011936
415.31	0.012449
415.82	0.012437
416.32	0.012241
416.82	0.012326
417.33	0.012424
417.83	0.012228
418.34	0.012255
418.84	0.012714
419.34	0.012611
419.85	0.01263
420.35	0.012627
420.86	0.012995
421.36	0.012953
421.86	0.013282
422.37	0.013077
422.87	0.013099
423.38	0.012906
423.88	0.013138
424.38	0.013281
424.89	0.01335
425.39	0.01338
425.9	0.013592
426.4	0.01368
426.9	0.013649
427.41	0.013658
427.91	0.013467
428.42	0.013473
428.92	0.013562
429.42	0.013587
429.93	0.013718
430.43	0.013631
430.94	0.013692
431.44	0.013793
431.94	0.013854
432.45	0.013627
432.95	0.013753
433.46	0.01373
433.96	0.013662
434.46	0.013646
434.97	0.013924
435.47	0.013776
435.98	0.013645
436.48	0.013699
436.98	0.013453
437.49	0.013544
437.99	0.013714
438.5	0.013558
439	0.013652
439.5	0.013424
440.01	0.013276
440.51	0.013483
441.02	0.013587
441.52	0.013382
442.02	0.013472
442.53	0.01326
443.03	0.013407
443.54	0.013305
444.04	0.013323
444.54	0.013298
445.05	0.013458
445.55	0.013278
446.06	0.013514
446.56	0.01342
447.06	0.013329
447.57	0.013404
448.07	0.01343
448.58	0.01337
449.08	0.013422
449.58	0.01358
450.09	0.013518
450.59	0.013456
451.1	0.013675
451.6	0.013698
452.1	0.013664
452.61	0.01352
453.11	0.013614
453.62	0.013587
454.12	0.013677
454.62	0.013517
455.13	0.013659
455.63	0.013751
456.14	0.013676
456.64	0.013623
457.14	0.013632
457.65	0.013624
458.15	0.013641
458.66	0.013728
459.16	0.013728
459.66	0.01378
460.17	0.013774
460.67	0.013642
461.18	0.013747
461.68	0.01365
462.18	0.01376
462.69	0.013749
463.19	0.013597
463.7	0.013793
464.2	0.013694
464.7	0.013756
465.21	0.013644
465.71	0.013699
466.22	0.013687
466.72	0.01361
467.22	0.013673
467.73	0.013646
468.23	0.013783
468.74	0.013681
469.24	0.013717
469.74	0.013694
470.25	0.013694
470.75	0.013579
471.26	0.013749
471.76	0.013748
472.26	0.013658
472.77	0.013675
473.27	0.013627
473.78	0.013832
474.28	0.013802
474.78	0.013672
475.29	0.013716
475.79	0.013679
476.3	0.013763
476.8	0.013789
477.3	0.013662
477.81	0.013691
478.31	0.013681
478.82	0.013775
479.32	0.01369
479.82	0.013566
480.33	0.013713
480.83	0.01365
481.34	0.013644
481.84	0.013627
482.34	0.013648
482.85	0.013663
483.35	0.013727
483.86	0.013621
484.36	0.013562
484.86	0.013603
485.37	0.013642
485.87	0.013535
486.38	0.013568
486.88	0.013597
487.38	0.013575
487.89	0.013545
488.39	0.013564
488.9	0.013499
489.4	0.013552
489.9	0.013461
490.41	0.013516
490.91	0.013497
491.42	0.013416
491.92	0.013437
492.42	0.013419
492.93	0.013495
493.43	0.013391
493.94	0.013372
494.44	0.013365
494.94	0.013334
495.45	0.013398
495.95	0.013341
496.46	0.013297
496.96	0.013338
497.46	0.01331
497.97	0.013327
498.47	0.013268
498.98	0.013282
499.48	0.013311
499.98	0.013344
500.49	0.013314
500.99	0.013323
501.5	0.01329
502	0.013232
502.5	0.013258
503.01	0.013259
503.51	0.013297
504.02	0.013338
504.52	0.0133
505.02	0.013278
505.53	0.013333
506.03	0.01334
506.54	0.013276
507.04	0.013341
507.54	0.013201
508.05	0.013232
508.55	0.013403
509.06	0.013318
509.56	0.013291
510.06	0.013354
510.57	0.013286
511.07	0.013321
511.58	0.013353
512.08	0.013325
512.58	0.013349
513.09	0.013213
513.59	0.013264
514.1	0.013343
514.6	0.013276
515.1	0.013307
515.61	0.013226
516.11	0.013236
516.62	0.013294
517.12	0.01326
517.62	0.013215
518.13	0.013267
518.63	0.013224
519.14	0.013209
519.64	0.013254
520.14	0.013158
520.65	0.013161
521.15	0.013255
521.66	0.013186
522.16	0.013215
522.66	0.013129
523.17	0.013136
523.67	0.013186
524.18	0.013139
524.68	0.013174
525.18	0.013143
525.69	0.013099
526.19	0.01305
526.7	0.013166
527.2	0.013084
527.7	0.013092
528.21	0.013055
528.71	0.013065
529.22	0.013026
529.72	0.012997
530.22	0.013068
530.73	0.013041
531.23	0.013027
531.74	0.013059
532.24	0.012981
532.74	0.01302
533.25	0.01299
533.75	0.013001
534.26	0.012943
534.76	0.01291
535.26	0.01295
535.77	0.012939
536.27	0.012955
536.78	0.012925
537.28	0.012903
537.78	0.012951
538.29	0.012913
538.79	0.012903
539.3	0.01292
539.8	0.012854
540.3	0.012888
540.81	0.012854
541.31	0.012879
541.82	0.012857
542.32	0.012857
542.82	0.012793
543.33	0.012808
543.83	0.012823
544.34	0.012741
544.84	0.012781
545.34	0.01278
545.85	0.012742
546.35	0.012752
546.86	0.012709
547.36	0.012786
547.86	0.012722
548.37	0.012732
548.87	0.012759
549.38	0.01275
549.88	0.012661
550.38	0.01271
550.89	0.012771
551.39	0.012674
551.9	0.01269
552.4	0.012645
552.9	0.012661
553.41	0.012604
553.91	0.012674
554.42	0.012649
554.92	0.012616
555.42	0.012619
555.93	0.012612
556.43	0.012593
556.94	0.012587
557.44	0.012549
557.94	0.012644
558.45	0.012582
558.95	0.012563
559.46	0.012569
559.96	0.012514
560.46	0.012534
560.97	0.012474
561.47	0.012548
561.98	0.012538
562.48	0.012452
562.98	0.01252
563.49	0.01245
563.99	0.012447
564.5	0.012417
565	0.01245
565.5	0.012405
566.01	0.012455
566.51	0.012391
567.02	0.012455
567.52	0.012353
568.02	0.012423
568.53	0.012401
569.03	0.012454
569.54	0.012396
570.04	0.012401
570.54	0.012391
571.05	0.01241
571.55	0.012361
572.06	0.012337
572.56	0.012304
573.06	0.012333
573.57	0.012326
574.07	0.012318
574.58	0.012301
575.08	0.012382
575.58	0.012244
576.09	0.012247
576.59	0.012224
577.1	0.012255
577.6	0.012202
578.1	0.01224
578.61	0.012256
579.11	0.012229
579.62	0.012252
580.12	0.012244
580.62	0.012231
581.13	0.01222
581.63	0.012192
582.14	0.012249
582.64	0.012179
583.14	0.012199
583.65	0.012228
584.15	0.01217
584.66	0.012131
585.16	0.01217
585.66	0.012125
586.17	0.012176
586.67	0.012075
587.18	0.012148
587.68	0.012154
588.18	0.012094
588.69	0.01209
589.19	0.012118
589.7	0.012144
590.2	0.012139
590.7	0.012077
591.21	0.012153
591.71	0.012046
592.22	0.012077
592.72	0.012046
593.22	0.012051
593.73	0.012042
594.23	0.012062
594.74	0.012031
595.24	0.012022
595.74	0.012074
596.25	0.012012
596.75	0.011934
597.26	0.012011
597.76	0.011968
598.26	0.012015
598.77	0.011975
599.27	0.011976
599.78	0.01199
600.28	0.011984
600.78	0.011973
601.29	0.011955
601.79	0.011903
602.3	0.012025
602.8	0.011941
603.3	0.011902
603.81	0.01198
604.31	0.01197
604.82	0.011939
605.32	0.011851
605.82	0.01188
606.33	0.011929
606.83	0.011892
607.34	0.011858
607.84	0.011853
608.34	0.011832
608.85	0.011834
609.35	0.011906
609.86	0.011824
610.36	0.011844
610.86	0.011842
611.37	0.011796
611.87	0.011777
612.38	0.01178
612.88	0.011817
613.38	0.011747
613.89	0.0118
614.39	0.011825
614.9	0.011779
615.4	0.011803
615.9	0.011776
616.41	0.01172
616.91	0.011715
617.42	0.011704
617.92	0.011695
618.42	0.011746
618.93	0.011698
619.43	0.01175
619.94	0.011679
620.44	0.011677
620.94	0.011606
621.45	0.011683
621.95	0.011638
622.46	0.011538
622.96	0.01164
623.46	0.011607
623.97	0.011597
624.47	0.011598
624.98	0.011593
625.48	0.011544
625.98	0.011521
626.49	0.011521
626.99	0.011465
627.5	0.011467
628	0.011521
628.5	0.011522
629.01	0.011538
629.51	0.011487
630.02	0.011405
630.52	0.011536
631.02	0.011498
631.53	0.011478
632.03	0.011453
632.54	0.011493
633.04	0.011468
633.54	0.011447
634.05	0.011432
634.55	0.011384
635.06	0.011441
635.56	0.011389
636.06	0.011414
636.57	0.01145
637.07	0.011421
637.58	0.011415
638.08	0.011415
638.58	0.011336
639.09	0.011375
639.59	0.011395
640.1	0.011385
640.6	0.011374
641.1	0.011287
641.61	0.011384
642.11	0.011348
642.62	0.011334
643.12	0.01131
643.62	0.011303
644.13	0.011345
644.63	0.011274
645.14	0.011317
645.64	0.0112
646.14	0.011277
646.65	0.011196
647.15	0.011182
647.66	0.011218
648.16	0.01121
648.66	0.011265
649.17	0.011219
649.67	0.011271
650.18	0.011194
650.68	0.011248
651.18	0.011213
651.69	0.011252
652.19	0.011232
652.7	0.011215
653.2	0.011234
653.7	0.011244
654.21	0.011213
654.71	0.011273
655.22	0.011243
655.72	0.011252
656.22	0.011224
656.73	0.011296
657.23	0.011183
657.74	0.011342
658.24	0.011183
658.74	0.011357
659.25	0.011116
659.75	0.011232
660.26	0.01126
660.76	0.011292
661.26	0.011211
661.77	0.011205
662.27	0.011333
662.78	0.011203
663.28	0.011123
663.78	0.011115
664.29	0.011135
664.79	0.011063
665.3	0.011115
665.8	0.011011
666.3	0.011119
666.81	0.011081
667.31	0.011106
667.82	0.01107
668.32	0.010982
668.82	0.010986
669.33	0.011048
669.83	0.010908
670.34	0.011015
670.84	0.010961
671.34	0.010894
671.85	0.010832
672.35	0.010805
672.86	0.010841
673.36	0.010805
673.86	0.01071
674.37	0.010805
674.87	0.010662
675.38	0.010581
675.88	0.010682
676.38	0.010575
676.89	0.010617
677.39	0.010574
677.9	0.010617
678.4	0.010455
678.9	0.010528
679.41	0.010569
679.91	0.010462
680.42	0.010506
680.92	0.010595
681.42	0.01039
681.93	0.010463
682.43	0.010406
682.94	0.010428
683.44	0.010355
683.94	0.010348
684.45	0.010454
684.95	0.010292
685.46	0.010379
685.96	0.010286
686.46	0.010395
686.97	0.010294
687.47	0.010434
687.98	0.010423
688.48	0.010343
688.98	0.010375
689.49	0.010327
689.99	0.010387
690.5	0.010356
691	0.010359
691.5	0.010309
692.01	0.010386
692.51	0.010444
693.02	0.010287
693.52	0.010326
694.02	0.010347
694.53	0.010259
695.03	0.01024
695.54	0.010411
696.04	0.010369
696.54	0.01029
697.05	0.010234
697.55	0.0102
698.06	0.010248
698.56	0.01019
699.06	0.010229
699.57	0.010198
700.07	0.010035
700.58	0.010231
701.08	0.0099487
701.58	0.0099948
702.09	0.0099897
702.59	0.0097529
703.1	0.0097567
703.6	0.0098076
704.1	0.0097743
704.61	0.0097465
705.11	0.0097356
705.62	0.0097557
706.12	0.0097915
706.62	0.0094682
707.13	0.0098102
707.63	0.0095369
708.14	0.0095026
708.64	0.0092003
709.14	0.0095127
709.65	0.0094323
710.15	0.0091591
710.66	0.0090443
711.16	0.0090561
711.66	0.0089133
712.17	0.0091046
712.67	0.0091005
713.18	0.0088445
713.68	0.0087355
714.18	0.0088673
714.69	0.0090534
715.19	0.0086909
715.7	0.0087422
716.2	0.0087506
716.7	0.0086085
717.21	0.0086087
717.71	0.0085363
718.22	0.0085516
718.72	0.0084967
719.22	0.008425
719.73	0.0085169
720.23	0.0084256
720.74	0.0081435
721.24	0.0085484
721.74	0.0086069
722.25	0.0085452
722.75	0.0084958
723.26	0.0084693
723.76	0.0081014
724.26	0.0082706
724.77	0.0080558
725.27	0.0081468
725.78	0.0084947
726.28	0.0081559
726.78	0.0081809
727.29	0.0081162
727.79	0.0083425
728.3	0.0085525
728.8	0.008289
729.3	0.0083928
729.81	0.0089877
730.31	0.0083838
730.82	0.0084041
731.32	0.0085762
731.82	0.0080479
732.33	0.008865
732.83	0.0088658
733.34	0.0086289
733.84	0.0085305
734.34	0.008326
734.85	0.0086806
735.35	0.0089216
735.86	0.0086706
736.36	0.0088365
736.86	0.00883
737.37	0.0087383
737.87	0.0089059
738.38	0.0085538
738.88	0.0089673
739.38	0.0089112
739.89	0.0090192
740.39	0.0095183
740.9	0.0086047
741.4	0.0088342
741.9	0.00896
742.41	0.0091666
742.91	0.0091123
743.42	0.0092346
743.92	0.0098664
744.42	0.0096413
744.93	0.0092665
745.43	0.0094832
745.94	0.0096064
746.44	0.009723
746.94	0.010112
747.45	0.0096825
747.95	0.0095982
748.46	0.0094416
748.96	0.0096223
749.46	0.0090011
749.97	0.0096466
750.47	0.0097912
750.98	0.0099217
751.48	0.0094907
751.98	0.00975
752.49	0.0093869
752.99	0.0098022
753.5	0.0098106
754	0.0093921
754.5	0.010261
755.01	0.010115
755.51	0.0095496
756.02	0.0090997
756.52	0.010153
757.02	0.0096179
757.53	0.0094762
758.03	0.0095682
758.54	0.0097814
759.04	0.0090101
759.54	0.010049
760.05	0.0094894
760.55	0.01073
761.06	0.010531
761.56	0.0099575
762.06	0.0092245
762.57	0.0099692
763.07	0.0092665
763.58	0.0099265
764.08	0.010063
764.58	0.010964
765.09	0.0095742
765.59	0.010518
766.1	0.010195
766.6	0.0098392
767.1	0.0095785
767.61	0.010518
768.11	0.010169
768.62	0.010152
769.12	0.010674
