376.5	0.032316
377.01	0.031982
377.51	0.032089
378.02	0.030144
378.52	0.031567
379.02	0.031752
379.53	0.030674
380.03	0.027587
380.54	0.029417
381.04	0.028866
381.54	0.02836
382.05	0.029302
382.55	0.029303
383.06	0.028645
383.56	0.026813
384.06	0.028626
384.57	0.026986
385.07	0.025929
385.58	0.026491
386.08	0.026061
386.58	0.026722
387.09	0.025033
387.59	0.024353
388.1	0.024365
388.6	0.024795
389.1	0.023995
389.61	0.022531
390.11	0.0229
390.62	0.022044
391.12	0.022537
391.62	0.020585
392.13	0.021812
392.63	0.020458
393.14	0.021208
393.64	0.020306
394.14	0.019703
394.65	0.019493
395.15	0.018565
395.66	0.018878
396.16	0.018886
396.66	0.018654
397.17	0.018045
397.67	0.017361
398.18	0.017171
398.68	0.017628
399.18	0.017385
399.69	0.016866
400.19	0.01688
400.7	0.016113
401.2	0.016267
401.7	0.015804
402.21	0.01629
402.71	0.01561
403.22	0.016287
403.72	0.015488
404.22	0.015605
404.73	0.015076
405.23	0.015136
405.74	0.015004
406.24	0.014602
406.74	0.014686
407.25	0.014527
407.75	0.01506
408.26	0.014542
408.76	0.014915
409.26	0.015074
409.77	0.01526
410.27	0.014621
410.78	0.015162
411.28	0.014893
411.78	0.015027
412.29	0.015124
412.79	0.014586
413.3	0.014872
413.8	0.015004
414.3	0.01535
414.81	0.015306
415.31	0.015326
415.82	0.015721
416.32	0.015374
416.82	0.015346
417.33	0.01572
417.83	0.015431
418.34	0.015407
418.84	0.01567
419.34	0.015918
419.85	0.015904
420.35	0.015716
420.86	0.016159
421.36	0.016069
421.86	0.016211
422.37	0.016213
422.87	0.016088
423.38	0.016251
423.88	0.016004
424.38	0.016017
424.89	0.016131
425.39	0.016209
425.9	0.016152
426.4	0.016062
426.9	0.016149
427.41	0.016206
427.91	0.015957
428.42	0.015884
428.92	0.015954
429.42	0.015962
429.93	0.015745
430.43	0.016026
430.94	0.015854
431.44	0.016074
431.94	0.015916
432.45	0.015681
432.95	0.015901
433.46	0.015728
433.96	0.015822
434.46	0.015616
434.97	0.015833
435.47	0.015876
435.98	0.015794
436.48	0.016002
436.98	0.015774
437.49	0.015975
437.99	0.015962
438.5	0.015827
439	0.015813
439.5	0.015729
440.01	0.015789
440.51	0.016078
441.02	0.015913
441.52	0.015764
442.02	0.015833
442.53	0.015918
443.03	0.015837
443.54	0.015938
444.04	0.015892
444.54	0.015881
445.05	0.015923
445.55	0.015913
446.06	0.016044
446.56	0.015885
447.06	0.015892
447.57	0.015957
448.07	0.015846
448.58	0.015948
449.08	0.015871
449.58	0.015946
450.09	0.015824
450.59	0.015761
451.1	0.015915
451.6	0.01584
452.1	0.015907
452.61	0.015753
453.11	0.015781
453.62	0.01572
454.12	0.015785
454.62	0.015661
455.13	0.015803
455.63	0.015728
456.14	0.015794
456.64	0.015833
457.14	0.015698
457.65	0.015792
458.15	0.015777
458.66	0.01589
459.16	0.015843
459.66	0.01591
460.17	0.015948
460.67	0.015865
461.18	0.01598
461.68	0.01597
462.18	0.015872
462.69	0.01594
463.19	0.016028
463.7	0.016137
464.2	0.015975
464.7	0.016083
465.21	0.015997
465.71	0.01605
466.22	0.015945
466.72	0.015984
467.22	0.016063
467.73	0.015977
468.23	0.016034
468.74	0.015897
469.24	0.015938
469.74	0.016019
470.25	0.015979
470.75	0.015939
471.26	0.016005
471.76	0.015968
472.26	0.015938
472.77	0.015926
473.27	0.015879
473.78	0.016007
474.28	0.015964
474.78	0.015835
475.29	0.015886
475.79	0.015886
476.3	0.015859
476.8	0.015772
477.3	0.015757
477.81	0.01589
478.31	0.015821
478.82	0.015871
479.32	0.015812
479.82	0.015762
480.33	0.015703
480.83	0.015696
481.34	0.015693
481.84	0.015681
482.34	0.01567
482.85	0.015718
483.35	0.015683
483.86	0.01563
484.36	0.015622
484.86	0.015695
485.37	0.015599
485.87	0.015564
486.38	0.015592
486.88	0.015732
487.38	0.015564
487.89	0.0156
488.39	0.015646
488.9	0.015575
489.4	0.015623
489.9	0.015589
490.41	0.01561
490.91	0.015613
491.42	0.015604
491.92	0.015601
492.42	0.015639
492.93	0.015659
493.43	0.015691
493.94	0.015671
494.44	0.015654
494.94	0.015614
495.45	0.015698
495.95	0.015631
496.46	0.015647
496.96	0.015748
497.46	0.01567
497.97	0.015664
498.47	0.015717
498.98	0.015632
499.48	0.015651
499.98	0.015658
500.49	0.015685
500.99	0.015702
501.5	0.015759
502	0.015676
502.5	0.015622
503.01	0.015669
503.51	0.015686
504.02	0.015695
504.52	0.01573
505.02	0.015664
505.53	0.015685
506.03	0.015637
506.54	0.01561
507.04	0.01561
507.54	0.015555
508.05	0.015601
508.55	0.015625
509.06	0.015614
509.56	0.015608
510.06	0.015533
510.57	0.015501
511.07	0.015571
511.58	0.015564
512.08	0.015481
512.58	0.01545
513.09	0.015406
513.59	0.015472
514.1	0.015506
514.6	0.01543
515.1	0.015492
515.61	0.015423
516.11	0.015406
516.62	0.015458
517.12	0.01538
517.62	0.015315
518.13	0.015429
518.63	0.015365
519.14	0.015317
519.64	0.015304
520.14	0.015261
520.65	0.015305
521.15	0.015356
521.66	0.015338
522.16	0.015331
522.66	0.015256
523.17	0.015244
523.67	0.015313
524.18	0.015268
524.68	0.015304
525.18	0.015288
525.69	0.015244
526.19	0.015213
526.7	0.015289
527.2	0.015247
527.7	0.015257
528.21	0.01519
528.71	0.015232
529.22	0.015226
529.72	0.015171
530.22	0.01518
530.73	0.015208
531.23	0.015202
531.74	0.015205
532.24	0.01518
532.74	0.015138
533.25	0.015176
533.75	0.015192
534.26	0.015128
534.76	0.015082
535.26	0.015123
535.77	0.015078
536.27	0.015066
536.78	0.015088
537.28	0.015076
537.78	0.015078
538.29	0.015049
538.79	0.015029
539.3	0.015078
539.8	0.014997
540.3	0.015017
540.81	0.015039
541.31	0.015007
541.82	0.014974
542.32	0.014953
542.82	0.015002
543.33	0.014959
543.83	0.014935
544.34	0.014901
544.84	0.014903
545.34	0.014888
545.85	0.014845
546.35	0.014879
546.86	0.014863
547.36	0.014856
547.86	0.01487
548.37	0.014843
548.87	0.014879
549.38	0.014857
549.88	0.014785
550.38	0.014795
550.89	0.014854
551.39	0.014737
551.9	0.014796
552.4	0.014742
552.9	0.014802
553.41	0.014723
553.91	0.014727
554.42	0.014746
554.92	0.014719
555.42	0.014688
555.93	0.014687
556.43	0.014703
556.94	0.014733
557.44	0.014689
557.94	0.014705
558.45	0.014645
558.95	0.01467
559.46	0.014605
559.96	0.01457
560.46	0.014578
560.97	0.014609
561.47	0.014617
561.98	0.014551
562.48	0.01457
562.98	0.014574
563.49	0.014475
563.99	0.014534
564.5	0.014506
565	0.014527
565.5	0.014385
566.01	0.014501
566.51	0.014462
567.02	0.014497
567.52	0.014425
568.02	0.014449
568.53	0.014455
569.03	0.014472
569.54	0.014418
570.04	0.014414
570.54	0.014388
571.05	0.014415
571.55	0.014384
572.06	0.014394
572.56	0.014349
573.06	0.014351
573.57	0.014358
574.07	0.014339
574.58	0.01435
575.08	0.014347
575.58	0.014281
576.09	0.014261
576.59	0.01425
577.1	0.014236
577.6	0.014193
578.1	0.014237
578.61	0.01424
579.11	0.014204
579.62	0.014216
580.12	0.014219
580.62	0.014241
581.13	0.014167
581.63	0.014222
582.14	0.014191
582.64	0.01414
583.14	0.014115
583.65	0.014138
584.15	0.014134
584.66	0.014066
585.16	0.014071
585.66	0.014057
586.17	0.014103
586.67	0.014056
587.18	0.01407
587.68	0.014058
588.18	0.014023
588.69	0.014028
589.19	0.013985
589.7	0.014031
590.2	0.014044
590.7	0.013995
591.21	0.014003
591.71	0.013989
592.22	0.013976
592.72	0.013947
593.22	0.013951
593.73	0.013934
594.23	0.013942
594.74	0.013961
595.24	0.013865
595.74	0.013962
596.25	0.013905
596.75	0.013832
597.26	0.013895
597.76	0.013865
598.26	0.013833
598.77	0.013834
599.27	0.013837
599.78	0.013861
600.28	0.013848
600.78	0.013803
601.29	0.013806
601.79	0.013789
602.3	0.013844
602.8	0.013803
603.3	0.013754
603.81	0.013795
604.31	0.01379
604.82	0.013771
605.32	0.013741
605.82	0.013727
606.33	0.013696
606.83	0.013738
607.34	0.013729
607.84	0.013688
608.34	0.013608
608.85	0.013646
609.35	0.013689
609.86	0.013719
610.36	0.013683
610.86	0.013663
611.37	0.013614
611.87	0.013614
612.38	0.013677
612.88	0.013644
613.38	0.013554
613.89	0.013582
614.39	0.013625
614.9	0.013566
615.4	0.013579
615.9	0.01354
616.41	0.013527
616.91	0.013526
617.42	0.013513
617.92	0.013484
618.42	0.013509
618.93	0.01352
619.43	0.013438
619.94	0.013475
620.44	0.013452
620.94	0.013391
621.45	0.013456
621.95	0.013405
622.46	0.013355
622.96	0.013389
623.46	0.013374
623.97	0.013337
624.47	0.013315
624.98	0.013338
625.48	0.013304
625.98	0.013271
626.49	0.013241
626.99	0.013299
627.5	0.013225
628	0.013297
628.5	0.013255
629.01	0.013264
629.51	0.013216
630.02	0.013173
630.52	0.013238
631.02	0.013232
631.53	0.013206
632.03	0.013195
632.54	0.013263
633.04	0.013166
633.54	0.013169
634.05	0.013209
634.55	0.013103
635.06	0.013223
635.56	0.013168
636.06	0.013135
636.57	0.013184
637.07	0.013128
637.58	0.013094
638.08	0.013138
638.58	0.013019
639.09	0.013075
639.59	0.013051
640.1	0.013112
640.6	0.013027
641.1	0.013019
641.61	0.013076
642.11	0.013087
642.62	0.013001
643.12	0.012962
643.62	0.012966
644.13	0.012994
644.63	0.012978
645.14	0.012952
645.64	0.012841
646.14	0.012947
646.65	0.012894
647.15	0.012859
647.66	0.012939
648.16	0.012937
648.66	0.012905
649.17	0.012915
649.67	0.012921
650.18	0.012883
650.68	0.012925
651.18	0.012861
651.69	0.012925
652.19	0.012851
652.7	0.012887
653.2	0.012874
653.7	0.012877
654.21	0.012886
654.71	0.012909
655.22	0.012764
655.72	0.01283
656.22	0.012735
656.73	0.012853
657.23	0.012751
657.74	0.012858
658.24	0.01275
658.74	0.012823
659.25	0.012721
659.75	0.012744
660.26	0.012811
660.76	0.01286
661.26	0.012823
661.77	0.012801
662.27	0.012853
662.78	0.012788
663.28	0.012762
663.78	0.012771
664.29	0.012765
664.79	0.01283
665.3	0.01289
665.8	0.012788
666.3	0.012762
666.81	0.012763
667.31	0.012868
667.82	0.012841
668.32	0.012741
668.82	0.012789
669.33	0.01286
669.83	0.012677
670.34	0.012819
670.84	0.01273
671.34	0.012703
671.85	0.012601
672.35	0.012624
672.86	0.012688
673.36	0.01271
673.86	0.012647
674.37	0.012595
674.87	0.012574
675.38	0.012406
675.88	0.012531
676.38	0.012256
676.89	0.01247
677.39	0.012406
677.9	0.012399
678.4	0.01231
678.9	0.012272
679.41	0.012438
679.91	0.012178
680.42	0.012329
680.92	0.012275
681.42	0.012176
681.93	0.01212
682.43	0.012141
682.94	0.01215
683.44	0.012028
683.94	0.012044
684.45	0.012162
684.95	0.012022
685.46	0.011935
685.96	0.011999
686.46	0.011975
686.97	0.011863
687.47	0.012006
687.98	0.012016
688.48	0.011793
688.98	0.011918
689.49	0.011841
689.99	0.011936
690.5	0.011738
691	0.011685
691.5	0.011592
692.01	0.01169
692.51	0.011744
693.02	0.011676
693.52	0.011891
694.02	0.011559
694.53	0.011778
695.03	0.011649
695.54	0.011678
696.04	0.01178
696.54	0.011653
697.05	0.011615
697.55	0.011749
698.06	0.011581
698.56	0.011621
699.06	0.011668
699.57	0.01168
700.07	0.011548
700.58	0.011702
701.08	0.011558
701.58	0.011396
702.09	0.01154
702.59	0.011414
703.1	0.011415
703.6	0.01144
704.1	0.011444
704.61	0.011369
705.11	0.01131
705.62	0.011348
706.12	0.011254
706.62	0.011049
707.13	0.01132
707.63	0.011148
708.14	0.011196
708.64	0.010822
709.14	0.011172
709.65	0.011116
710.15	0.011167
710.66	0.010929
711.16	0.011063
711.66	0.01082
712.17	0.010869
712.67	0.01076
713.18	0.010698
713.68	0.010741
714.18	0.01088
714.69	0.010973
715.19	0.010501
715.7	0.01066
716.2	0.010425
716.7	0.010298
717.21	0.010266
717.71	0.010348
718.22	0.010186
718.72	0.010311
719.22	0.010244
719.73	0.010153
720.23	0.010056
720.74	0.0099084
721.24	0.010167
721.74	0.010284
722.25	0.010109
722.75	0.0098759
723.26	0.0099246
723.76	0.0095971
724.26	0.0098897
724.77	0.0093598
725.27	0.0094717
725.78	0.009671
726.28	0.0093952
726.78	0.0095109
727.29	0.0094591
727.79	0.0093732
728.3	0.0097629
728.8	0.0093387
729.3	0.0095205
729.81	0.0099415
730.31	0.0095723
730.82	0.009449
731.32	0.0096724
731.82	0.0091512
732.33	0.010076
732.83	0.0098957
733.34	0.0095853
733.84	0.0096923
734.34	0.009445
734.85	0.0096195
735.35	0.0099104
735.86	0.0096693
736.36	0.0099234
736.86	0.0096749
737.37	0.00994
737.87	0.0098372
738.38	0.0097527
738.88	0.0099545
739.38	0.010076
739.89	0.0097359
740.39	0.010087
740.9	0.0096811
741.4	0.0098322
741.9	0.010161
742.41	0.009995
742.91	0.010108
743.42	0.010221
743.92	0.010908
744.42	0.010361
744.93	0.010553
745.43	0.010829
745.94	0.010566
746.44	0.0109
746.94	0.011412
747.45	0.011179
747.95	0.010848
748.46	0.010637
748.96	0.011236
749.46	0.010142
749.97	0.010704
750.47	0.010925
750.98	0.01138
751.48	0.011174
751.98	0.010896
752.49	0.010623
752.99	0.011311
753.5	0.011124
754	0.010948
754.5	0.011582
755.01	0.011361
755.51	0.010682
756.02	0.010926
756.52	0.01159
757.02	0.011396
757.53	0.011096
758.03	0.01117
758.54	0.0114
759.04	0.010956
759.54	0.011981
760.05	0.011538
760.55	0.011695
761.06	0.012134
761.56	0.01152
762.06	0.01135
762.57	0.011063
763.07	0.010982
763.58	0.011822
764.08	0.011367
764.58	0.012532
765.09	0.011681
765.59	0.012267
766.1	0.012198
766.6	0.012405
767.1	0.01172
767.61	0.012275
768.11	0.011896
768.62	0.012482
769.12	0.012854
