376.5	0.032668
377.01	0.031085
377.51	0.030729
378.02	0.031667
378.52	0.030688
379.02	0.030117
379.53	0.030075
380.03	0.028954
380.54	0.02969
381.04	0.029196
381.54	0.027754
382.05	0.028341
382.55	0.028801
383.06	0.028583
383.56	0.026949
384.06	0.028449
384.57	0.026653
385.07	0.026534
385.58	0.026307
386.08	0.025629
386.58	0.026009
387.09	0.02584
387.59	0.024512
388.1	0.024261
388.6	0.024155
389.1	0.024246
389.61	0.022778
390.11	0.023033
390.62	0.022223
391.12	0.022479
391.62	0.020939
392.13	0.021665
392.63	0.020447
393.14	0.02082
393.64	0.019809
394.14	0.020312
394.65	0.0193
395.15	0.018835
395.66	0.01875
396.16	0.018838
396.66	0.018578
397.17	0.018148
397.67	0.017498
398.18	0.017729
398.68	0.017761
399.18	0.017723
399.69	0.016926
400.19	0.016611
400.7	0.015931
401.2	0.015943
401.7	0.015478
402.21	0.016611
402.71	0.016048
403.22	0.016128
403.72	0.015532
404.22	0.016187
404.73	0.015428
405.23	0.015122
405.74	0.015371
406.24	0.01514
406.74	0.015001
407.25	0.01479
407.75	0.015311
408.26	0.015301
408.76	0.015524
409.26	0.015153
409.77	0.015308
410.27	0.01522
410.78	0.015366
411.28	0.015323
411.78	0.015613
412.29	0.015546
412.79	0.01523
413.3	0.015301
413.8	0.015638
414.3	0.01614
414.81	0.015465
415.31	0.016022
415.82	0.015895
416.32	0.015847
416.82	0.015979
417.33	0.015942
417.83	0.016167
418.34	0.015818
418.84	0.016202
419.34	0.01606
419.85	0.016197
420.35	0.016309
420.86	0.016302
421.36	0.016593
421.86	0.016619
422.37	0.016346
422.87	0.016453
423.38	0.016297
423.88	0.016266
424.38	0.016571
424.89	0.016392
425.39	0.016643
425.9	0.016268
426.4	0.016463
426.9	0.016443
427.41	0.016383
427.91	0.016285
428.42	0.016161
428.92	0.016243
429.42	0.016313
429.93	0.016309
430.43	0.016365
430.94	0.016144
431.44	0.016394
431.94	0.016401
432.45	0.016181
432.95	0.016284
433.46	0.016271
433.96	0.016166
434.46	0.016056
434.97	0.016207
435.47	0.016201
435.98	0.016142
436.48	0.016304
436.98	0.01603
437.49	0.016263
437.99	0.01626
438.5	0.016185
439	0.016177
439.5	0.016175
440.01	0.015876
440.51	0.016096
441.02	0.016264
441.52	0.016053
442.02	0.016171
442.53	0.016154
443.03	0.016098
443.54	0.016049
444.04	0.016008
444.54	0.016198
445.05	0.016196
445.55	0.016021
446.06	0.016125
446.56	0.016177
447.06	0.016062
447.57	0.01622
448.07	0.016084
448.58	0.016178
449.08	0.01619
449.58	0.01622
450.09	0.016215
450.59	0.016075
451.1	0.016349
451.6	0.016245
452.1	0.016151
452.61	0.016131
453.11	0.016211
453.62	0.016182
454.12	0.016246
454.62	0.016045
455.13	0.016187
455.63	0.016172
456.14	0.016173
456.64	0.016252
457.14	0.016169
457.65	0.016223
458.15	0.016177
458.66	0.016185
459.16	0.016173
459.66	0.016222
460.17	0.016288
460.67	0.016198
461.18	0.01618
461.68	0.016266
462.18	0.016326
462.69	0.01618
463.19	0.016048
463.7	0.016345
464.2	0.016245
464.7	0.01629
465.21	0.016212
465.71	0.016172
466.22	0.016202
466.72	0.01623
467.22	0.01624
467.73	0.016128
468.23	0.016215
468.74	0.0161
469.24	0.016181
469.74	0.016137
470.25	0.0161
470.75	0.016133
471.26	0.016198
471.76	0.016162
472.26	0.016026
472.77	0.016069
473.27	0.016128
473.78	0.016167
474.28	0.016039
474.78	0.015933
475.29	0.015994
475.79	0.015958
476.3	0.015976
476.8	0.015972
477.3	0.015855
477.81	0.016036
478.31	0.015892
478.82	0.01598
479.32	0.01596
479.82	0.015773
480.33	0.015858
480.83	0.015863
481.34	0.015803
481.84	0.015834
482.34	0.015762
482.85	0.015807
483.35	0.015878
483.86	0.015794
484.36	0.015794
484.86	0.0158
485.37	0.015802
485.87	0.015778
486.38	0.015723
486.88	0.015739
487.38	0.015741
487.89	0.015715
488.39	0.015768
488.9	0.015714
489.4	0.015819
489.9	0.015706
490.41	0.01573
490.91	0.015744
491.42	0.015719
491.92	0.015736
492.42	0.015755
492.93	0.015846
493.43	0.015763
493.94	0.015761
494.44	0.015729
494.94	0.015781
495.45	0.015791
495.95	0.015734
496.46	0.015708
496.96	0.015811
497.46	0.015782
497.97	0.015765
498.47	0.015827
498.98	0.015743
499.48	0.015778
499.98	0.015813
500.49	0.015817
500.99	0.015773
501.5	0.015815
502	0.015734
502.5	0.01573
503.01	0.015779
503.51	0.015785
504.02	0.015825
504.52	0.015857
505.02	0.015723
505.53	0.015771
506.03	0.015729
506.54	0.015711
507.04	0.015735
507.54	0.01565
508.05	0.015626
508.55	0.0157
509.06	0.015677
509.56	0.015642
510.06	0.015669
510.57	0.015562
511.07	0.015625
511.58	0.015618
512.08	0.015549
512.58	0.0155
513.09	0.015491
513.59	0.015467
514.1	0.015529
514.6	0.015444
515.1	0.01544
515.61	0.015404
516.11	0.015416
516.62	0.015418
517.12	0.015441
517.62	0.01531
518.13	0.015393
518.63	0.015377
519.14	0.015299
519.64	0.015345
520.14	0.015255
520.65	0.01531
521.15	0.015359
521.66	0.015258
522.16	0.015324
522.66	0.015244
523.17	0.015247
523.67	0.015277
524.18	0.015224
524.68	0.015262
525.18	0.015241
525.69	0.015235
526.19	0.015238
526.7	0.015294
527.2	0.015233
527.7	0.015188
528.21	0.015149
528.71	0.015158
529.22	0.015167
529.72	0.015122
530.22	0.015132
530.73	0.015128
531.23	0.015138
531.74	0.015133
532.24	0.015123
532.74	0.015094
533.25	0.015119
533.75	0.015164
534.26	0.015062
534.76	0.01507
535.26	0.015042
535.77	0.015015
536.27	0.015064
536.78	0.015045
537.28	0.014974
537.78	0.015023
538.29	0.01502
538.79	0.014966
539.3	0.015
539.8	0.014934
540.3	0.015011
540.81	0.014895
541.31	0.014903
541.82	0.014894
542.32	0.014936
542.82	0.0149
543.33	0.014869
543.83	0.01487
544.34	0.014829
544.84	0.01479
545.34	0.014838
545.85	0.014766
546.35	0.014826
546.86	0.014746
547.36	0.014793
547.86	0.014774
548.37	0.014748
548.87	0.014761
549.38	0.014754
549.88	0.014666
550.38	0.014694
550.89	0.014744
551.39	0.014674
551.9	0.014707
552.4	0.01466
552.9	0.014661
553.41	0.014577
553.91	0.014668
554.42	0.014678
554.92	0.0146
555.42	0.014644
555.93	0.014527
556.43	0.01455
556.94	0.014592
557.44	0.014494
557.94	0.014586
558.45	0.014568
558.95	0.014551
559.46	0.01453
559.96	0.014476
560.46	0.014494
560.97	0.014462
561.47	0.01448
561.98	0.014464
562.48	0.014447
562.98	0.014485
563.49	0.014394
563.99	0.014366
564.5	0.014412
565	0.01438
565.5	0.014332
566.01	0.014448
566.51	0.014307
567.02	0.014327
567.52	0.014299
568.02	0.014299
568.53	0.014293
569.03	0.014309
569.54	0.014269
570.04	0.014267
570.54	0.014273
571.05	0.014319
571.55	0.014226
572.06	0.014209
572.56	0.014232
573.06	0.014225
573.57	0.014173
574.07	0.014176
574.58	0.014163
575.08	0.014183
575.58	0.014146
576.09	0.0141
576.59	0.014099
577.1	0.014122
577.6	0.014005
578.1	0.014113
578.61	0.014107
579.11	0.014039
579.62	0.014045
580.12	0.01405
580.62	0.01408
581.13	0.014053
581.63	0.014061
582.14	0.01402
582.64	0.013979
583.14	0.013971
583.65	0.014044
584.15	0.013944
584.66	0.013916
585.16	0.013945
585.66	0.013935
586.17	0.013906
586.67	0.013852
587.18	0.013905
587.68	0.013875
588.18	0.013867
588.69	0.013833
589.19	0.013831
589.7	0.013899
590.2	0.013863
590.7	0.013828
591.21	0.013864
591.71	0.013777
592.22	0.01375
592.72	0.013746
593.22	0.013804
593.73	0.013775
594.23	0.013776
594.74	0.013768
595.24	0.013725
595.74	0.013767
596.25	0.013763
596.75	0.013686
597.26	0.013749
597.76	0.013672
598.26	0.0137
598.77	0.013654
599.27	0.013702
599.78	0.013665
600.28	0.013648
600.78	0.013649
601.29	0.013599
601.79	0.013605
602.3	0.013688
602.8	0.01361
603.3	0.013575
603.81	0.013663
604.31	0.013615
604.82	0.013581
605.32	0.013521
605.82	0.013564
606.33	0.013523
606.83	0.013527
607.34	0.013524
607.84	0.013447
608.34	0.013457
608.85	0.013534
609.35	0.01349
609.86	0.013521
610.36	0.013469
610.86	0.013503
611.37	0.013448
611.87	0.013406
612.38	0.013431
612.88	0.013408
613.38	0.013374
613.89	0.01342
614.39	0.013411
614.9	0.013364
615.4	0.013384
615.9	0.0134
616.41	0.01331
616.91	0.013304
617.42	0.013313
617.92	0.013312
618.42	0.013338
618.93	0.013356
619.43	0.013318
619.94	0.013239
620.44	0.013261
620.94	0.013207
621.45	0.013285
621.95	0.013175
622.46	0.013168
622.96	0.013185
623.46	0.013178
623.97	0.013176
624.47	0.013172
624.98	0.013134
625.48	0.013096
625.98	0.013049
626.49	0.013026
626.99	0.013057
627.5	0.013042
628	0.013105
628.5	0.013108
629.01	0.013085
629.51	0.013015
630.02	0.012952
630.52	0.013048
631.02	0.013056
631.53	0.013017
632.03	0.013012
632.54	0.013039
633.04	0.01298
633.54	0.01299
634.05	0.013007
634.55	0.012919
635.06	0.013031
635.56	0.012968
636.06	0.012977
636.57	0.012925
637.07	0.012938
637.58	0.012909
638.08	0.01295
638.58	0.012812
639.09	0.012923
639.59	0.012842
640.1	0.012874
640.6	0.012898
641.1	0.012806
641.61	0.012848
642.11	0.012821
642.62	0.01281
643.12	0.012741
643.62	0.012767
644.13	0.012751
644.63	0.012799
645.14	0.012799
645.64	0.012711
646.14	0.012759
646.65	0.012723
647.15	0.012773
647.66	0.012717
648.16	0.012794
648.66	0.012739
649.17	0.012773
649.67	0.012742
650.18	0.01269
650.68	0.012754
651.18	0.01265
651.69	0.012727
652.19	0.012693
652.7	0.0127
653.2	0.012635
653.7	0.012737
654.21	0.012674
654.71	0.012668
655.22	0.012648
655.72	0.012579
656.22	0.01256
656.73	0.012648
657.23	0.012509
657.74	0.01263
658.24	0.012575
658.74	0.012661
659.25	0.012504
659.75	0.012551
660.26	0.012563
660.76	0.012669
661.26	0.012531
661.77	0.012588
662.27	0.01268
662.78	0.012554
663.28	0.012642
663.78	0.012523
664.29	0.012559
664.79	0.012594
665.3	0.012566
665.8	0.012593
666.3	0.012531
666.81	0.012533
667.31	0.012606
667.82	0.012602
668.32	0.012504
668.82	0.012608
669.33	0.012517
669.83	0.012417
670.34	0.012613
670.84	0.012453
671.34	0.012509
671.85	0.012371
672.35	0.01248
672.86	0.012437
673.36	0.012338
673.86	0.012324
674.37	0.012408
674.87	0.012386
675.38	0.012182
675.88	0.012217
676.38	0.012197
676.89	0.012192
677.39	0.012181
677.9	0.012146
678.4	0.012064
678.9	0.01202
679.41	0.012181
679.91	0.011984
680.42	0.012074
680.92	0.012049
681.42	0.011902
681.93	0.01193
682.43	0.011739
682.94	0.011793
683.44	0.011758
683.94	0.011696
684.45	0.01177
684.95	0.01173
685.46	0.011657
685.96	0.011584
686.46	0.01165
686.97	0.011605
687.47	0.011573
687.98	0.011584
688.48	0.011423
688.98	0.011547
689.49	0.011535
689.99	0.011612
690.5	0.011437
691	0.01149
691.5	0.01139
692.01	0.011358
692.51	0.011556
693.02	0.011266
693.52	0.011495
694.02	0.011287
694.53	0.011379
695.03	0.011388
695.54	0.01149
696.04	0.011554
696.54	0.011379
697.05	0.011351
697.55	0.011359
698.06	0.011349
698.56	0.011248
699.06	0.011292
699.57	0.01126
700.07	0.011185
700.58	0.011272
701.08	0.011064
701.58	0.011187
702.09	0.011148
702.59	0.011077
703.1	0.01104
703.6	0.01112
704.1	0.011043
704.61	0.011098
705.11	0.011057
705.62	0.011066
706.12	0.010974
706.62	0.010768
707.13	0.010799
707.63	0.010791
708.14	0.010985
708.64	0.010515
709.14	0.010825
709.65	0.010659
710.15	0.010757
710.66	0.010469
711.16	0.01053
711.66	0.010442
712.17	0.01042
712.67	0.010413
713.18	0.010364
713.68	0.010319
714.18	0.010155
714.69	0.010219
715.19	0.01018
715.7	0.009928
716.2	0.010124
716.7	0.0098321
717.21	0.0098273
717.71	0.0096478
718.22	0.0096354
718.72	0.0099347
719.22	0.0095561
719.73	0.0095943
720.23	0.0094505
720.74	0.0093402
721.24	0.009606
721.74	0.0096968
722.25	0.0097356
722.75	0.0096174
723.26	0.0095658
723.76	0.0090767
724.26	0.0095359
724.77	0.0091192
725.27	0.0088242
725.78	0.0091284
726.28	0.0087975
726.78	0.0088102
727.29	0.0089211
727.79	0.0092996
728.3	0.0092322
728.8	0.0088942
729.3	0.009175
729.81	0.0094354
730.31	0.0090397
730.82	0.008849
731.32	0.0093577
731.82	0.008847
732.33	0.0096638
732.83	0.0094179
733.34	0.0092989
733.84	0.0092014
734.34	0.0089409
734.85	0.0091866
735.35	0.0094532
735.86	0.0091497
736.36	0.0092889
736.86	0.0095797
737.37	0.009463
737.87	0.0091615
738.38	0.0088892
738.88	0.0094452
739.38	0.0097387
739.89	0.0093743
740.39	0.0098645
740.9	0.009123
741.4	0.009725
741.9	0.0096356
742.41	0.0094704
742.91	0.0097641
743.42	0.0096889
743.92	0.01019
744.42	0.0097576
744.93	0.0097589
745.43	0.010025
745.94	0.0096441
746.44	0.010059
746.94	0.010515
747.45	0.010192
747.95	0.010036
748.46	0.010055
748.96	0.010441
749.46	0.0097946
749.97	0.01057
750.47	0.010155
750.98	0.010856
751.48	0.010636
751.98	0.010385
752.49	0.0096891
752.99	0.010281
753.5	0.010102
754	0.0099386
754.5	0.01073
755.01	0.010771
755.51	0.0097319
756.02	0.010129
756.52	0.01113
757.02	0.010701
757.53	0.010006
758.03	0.010568
758.54	0.010232
759.04	0.010238
759.54	0.010757
760.05	0.010105
760.55	0.010612
761.06	0.010956
761.56	0.010706
762.06	0.010015
762.57	0.010601
763.07	0.010079
763.58	0.010712
764.08	0.010263
764.58	0.010536
765.09	0.01046
765.59	0.011142
766.1	0.011276
766.6	0.011209
767.1	0.010618
767.61	0.010404
768.11	0.010898
768.62	0.01133
769.12	0.011068
