376.5	0.031763
377.01	0.035868
377.51	0.031937
378.02	0.032276
378.52	0.030983
379.02	0.030615
379.53	0.031698
380.03	0.029652
380.54	0.027874
381.04	0.029508
381.54	0.027739
382.05	0.028009
382.55	0.026734
383.06	0.027114
383.56	0.027474
384.06	0.024849
384.57	0.024565
385.07	0.025557
385.58	0.024125
386.08	0.023656
386.58	0.023919
387.09	0.023031
387.59	0.022685
388.1	0.021647
388.6	0.022076
389.1	0.022916
389.61	0.021843
390.11	0.020919
390.62	0.021173
391.12	0.020005
391.62	0.020921
392.13	0.019617
392.63	0.020166
393.14	0.019138
393.64	0.019221
394.14	0.018871
394.65	0.018961
395.15	0.018694
395.66	0.018317
396.16	0.01806
396.66	0.016848
397.17	0.017865
397.67	0.017686
398.18	0.016939
398.68	0.016995
399.18	0.016316
399.69	0.017
400.19	0.016502
400.7	0.016365
401.2	0.01647
401.7	0.0163
402.21	0.015601
402.71	0.016532
403.22	0.01638
403.72	0.016315
404.22	0.017114
404.73	0.016457
405.23	0.016833
405.74	0.016793
406.24	0.016702
406.74	0.015954
407.25	0.015987
407.75	0.016515
408.26	0.016378
408.76	0.016304
409.26	0.017175
409.77	0.017013
410.27	0.016853
410.78	0.017029
411.28	0.017381
411.78	0.017226
412.29	0.017459
412.79	0.017756
413.3	0.017585
413.8	0.01774
414.3	0.017608
414.81	0.017655
415.31	0.017807
415.82	0.017815
416.32	0.017988
416.82	0.017973
417.33	0.018159
417.83	0.018002
418.34	0.018164
418.84	0.017982
419.34	0.018094
419.85	0.018215
420.35	0.017681
420.86	0.018251
421.36	0.01812
421.86	0.018017
422.37	0.018031
422.87	0.018417
423.38	0.018005
423.88	0.017829
424.38	0.018507
424.89	0.017991
425.39	0.018155
425.9	0.018069
426.4	0.017903
426.9	0.018172
427.41	0.018045
427.91	0.018009
428.42	0.017576
428.92	0.017966
429.42	0.017874
429.93	0.017943
430.43	0.018002
430.94	0.017703
431.44	0.017773
431.94	0.017774
432.45	0.017728
432.95	0.017786
433.46	0.017948
433.96	0.017864
434.46	0.017658
434.97	0.01775
435.47	0.017885
435.98	0.017917
436.48	0.017825
436.98	0.017941
437.49	0.018065
437.99	0.018132
438.5	0.017964
439	0.018025
439.5	0.018277
440.01	0.018184
440.51	0.018108
441.02	0.018117
441.52	0.018073
442.02	0.018135
442.53	0.01816
443.03	0.018133
443.54	0.018034
444.04	0.018256
444.54	0.018131
445.05	0.018144
445.55	0.018114
446.06	0.018086
446.56	0.018077
447.06	0.018046
447.57	0.018184
448.07	0.018246
448.58	0.01816
449.08	0.018193
449.58	0.018112
450.09	0.018045
450.59	0.018047
451.1	0.017919
451.6	0.018081
452.1	0.018044
452.61	0.018088
453.11	0.017955
453.62	0.018085
454.12	0.017882
454.62	0.018087
455.13	0.017836
455.63	0.017898
456.14	0.018022
456.64	0.018074
457.14	0.01802
457.65	0.017872
458.15	0.018127
458.66	0.018074
459.16	0.017949
459.66	0.017881
460.17	0.017893
460.67	0.017884
461.18	0.017855
461.68	0.017916
462.18	0.017834
462.69	0.017834
463.19	0.017812
463.7	0.017898
464.2	0.017775
464.7	0.017761
465.21	0.017746
465.71	0.017777
466.22	0.017887
466.72	0.017722
467.22	0.017914
467.73	0.017822
468.23	0.017762
468.74	0.01775
469.24	0.017741
469.74	0.017688
470.25	0.017638
470.75	0.017701
471.26	0.0177
471.76	0.017652
472.26	0.017659
472.77	0.017562
473.27	0.017584
473.78	0.017631
474.28	0.017475
474.78	0.017577
475.29	0.017512
475.79	0.017515
476.3	0.01752
476.8	0.017399
477.3	0.017455
477.81	0.017473
478.31	0.017396
478.82	0.017407
479.32	0.017463
479.82	0.017497
480.33	0.017368
480.83	0.017398
481.34	0.017297
481.84	0.017342
482.34	0.017386
482.85	0.017445
483.35	0.017306
483.86	0.017376
484.36	0.017303
484.86	0.01741
485.37	0.017268
485.87	0.017318
486.38	0.01733
486.88	0.01739
487.38	0.017315
487.89	0.017299
488.39	0.017346
488.9	0.01737
489.4	0.017331
489.9	0.017331
490.41	0.017366
490.91	0.017332
491.42	0.017316
491.92	0.017362
492.42	0.017228
492.93	0.017264
493.43	0.017234
493.94	0.017215
494.44	0.017115
494.94	0.017237
495.45	0.017124
495.95	0.01714
496.46	0.017068
496.96	0.01707
497.46	0.017063
497.97	0.01707
498.47	0.016968
498.98	0.016937
499.48	0.016935
499.98	0.016905
500.49	0.016898
500.99	0.016801
501.5	0.01677
502	0.016816
502.5	0.016717
503.01	0.016749
503.51	0.016735
504.02	0.016702
504.52	0.016705
505.02	0.016676
505.53	0.016675
506.03	0.016697
506.54	0.01658
507.04	0.016612
507.54	0.016583
508.05	0.01655
508.55	0.016557
509.06	0.016628
509.56	0.016545
510.06	0.016456
510.57	0.016529
511.07	0.016481
511.58	0.016455
512.08	0.016426
512.58	0.016395
513.09	0.016426
513.59	0.016421
514.1	0.016433
514.6	0.016425
515.1	0.016388
515.61	0.016355
516.11	0.016314
516.62	0.016283
517.12	0.016282
517.62	0.016318
518.13	0.016258
518.63	0.016249
519.14	0.016278
519.64	0.016231
520.14	0.01623
520.65	0.016205
521.15	0.01621
521.66	0.016226
522.16	0.016149
522.66	0.016163
523.17	0.016147
523.67	0.016123
524.18	0.016159
524.68	0.016161
525.18	0.016068
525.69	0.016056
526.19	0.016086
526.7	0.016111
527.2	0.016147
527.7	0.016071
528.21	0.01599
528.71	0.016017
529.22	0.016003
529.72	0.016035
530.22	0.016044
530.73	0.016027
531.23	0.015991
531.74	0.016033
532.24	0.015953
532.74	0.015942
533.25	0.015915
533.75	0.015953
534.26	0.015904
534.76	0.015932
535.26	0.01588
535.77	0.015879
536.27	0.015926
536.78	0.015919
537.28	0.015839
537.78	0.015815
538.29	0.015825
538.79	0.015864
539.3	0.015759
539.8	0.015798
540.3	0.015789
540.81	0.015761
541.31	0.015815
541.82	0.015734
542.32	0.015725
542.82	0.015675
543.33	0.015742
543.83	0.015687
544.34	0.015641
544.84	0.015638
545.34	0.015639
545.85	0.015624
546.35	0.015642
546.86	0.01562
547.36	0.015611
547.86	0.015563
548.37	0.01559
548.87	0.015668
549.38	0.015618
549.88	0.015574
550.38	0.015614
550.89	0.015586
551.39	0.015528
551.9	0.015518
552.4	0.015514
552.9	0.015536
553.41	0.015498
553.91	0.015483
554.42	0.01545
554.92	0.015415
555.42	0.015416
555.93	0.01542
556.43	0.015446
556.94	0.015412
557.44	0.015478
557.94	0.015405
558.45	0.015365
558.95	0.015407
559.46	0.015405
559.96	0.015296
560.46	0.015329
560.97	0.015292
561.47	0.015314
561.98	0.01534
562.48	0.015302
562.98	0.015226
563.49	0.015309
563.99	0.01522
564.5	0.015294
565	0.015198
565.5	0.015201
566.01	0.015201
566.51	0.015257
567.02	0.015197
567.52	0.015243
568.02	0.015176
568.53	0.015147
569.03	0.015159
569.54	0.015182
570.04	0.015202
570.54	0.015171
571.05	0.015117
571.55	0.015122
572.06	0.015083
572.56	0.015068
573.06	0.015111
573.57	0.015094
574.07	0.015094
574.58	0.015058
575.08	0.015032
575.58	0.015035
576.09	0.015059
576.59	0.014955
577.1	0.015036
577.6	0.014971
578.1	0.014988
578.61	0.015021
579.11	0.015001
579.62	0.015028
580.12	0.014927
580.62	0.014911
581.13	0.014932
581.63	0.01493
582.14	0.014979
582.64	0.014918
583.14	0.014939
583.65	0.01494
584.15	0.014886
584.66	0.014836
585.16	0.014837
585.66	0.014894
586.17	0.014762
586.67	0.014855
587.18	0.014847
587.68	0.014819
588.18	0.0148
588.69	0.014831
589.19	0.014744
589.7	0.014771
590.2	0.014702
590.7	0.014719
591.21	0.014629
591.71	0.014726
592.22	0.014648
592.72	0.014661
593.22	0.014616
593.73	0.014614
594.23	0.014606
594.74	0.014621
595.24	0.014595
595.74	0.014611
596.25	0.014519
596.75	0.014515
597.26	0.014517
597.76	0.014524
598.26	0.014504
598.77	0.014499
599.27	0.014495
599.78	0.014509
600.28	0.014457
600.78	0.014428
601.29	0.014436
601.79	0.014427
602.3	0.014446
602.8	0.014361
603.3	0.014393
603.81	0.014348
604.31	0.01432
604.82	0.014324
605.32	0.01432
605.82	0.014302
606.33	0.014339
606.83	0.014297
607.34	0.014297
607.84	0.014289
608.34	0.014254
608.85	0.014273
609.35	0.014237
609.86	0.014265
610.36	0.014176
610.86	0.014252
611.37	0.014221
611.87	0.014199
612.38	0.014076
612.88	0.014136
613.38	0.014095
613.89	0.01411
614.39	0.014012
614.9	0.014074
615.4	0.014064
615.9	0.014057
616.41	0.014029
616.91	0.013987
617.42	0.013938
617.92	0.01398
618.42	0.013962
618.93	0.013912
619.43	0.013849
619.94	0.013853
620.44	0.01388
620.94	0.013816
621.45	0.013809
621.95	0.013823
622.46	0.013766
622.96	0.013747
623.46	0.013726
623.97	0.013732
624.47	0.013681
624.98	0.013674
625.48	0.013626
625.98	0.01361
626.49	0.013608
626.99	0.01361
627.5	0.013563
628	0.013559
628.5	0.013565
629.01	0.013535
629.51	0.013539
630.02	0.013521
630.52	0.013528
631.02	0.01351
631.53	0.013487
632.03	0.013447
632.54	0.013482
633.04	0.013393
633.54	0.013462
634.05	0.013407
634.55	0.01337
635.06	0.013412
635.56	0.013356
636.06	0.013377
636.57	0.013416
637.07	0.013331
637.58	0.013334
638.08	0.013273
638.58	0.013325
639.09	0.013325
639.59	0.013273
640.1	0.013313
640.6	0.013309
641.1	0.013269
641.61	0.01333
642.11	0.013322
642.62	0.013285
643.12	0.013271
643.62	0.013244
644.13	0.013303
644.63	0.013256
645.14	0.013319
645.64	0.013243
646.14	0.013242
646.65	0.013255
647.15	0.013272
647.66	0.013232
648.16	0.013271
648.66	0.013158
649.17	0.013227
649.67	0.013218
650.18	0.01317
650.68	0.01319
651.18	0.013097
651.69	0.013113
652.19	0.013188
652.7	0.013043
653.2	0.013095
653.7	0.013143
654.21	0.01302
654.71	0.013046
655.22	0.013011
655.72	0.013067
656.22	0.013005
656.73	0.01297
657.23	0.012897
657.74	0.012943
658.24	0.012946
658.74	0.012898
659.25	0.012829
659.75	0.012791
660.26	0.012869
660.76	0.012684
661.26	0.012751
661.77	0.012787
662.27	0.012755
662.78	0.012734
663.28	0.012727
663.78	0.012769
664.29	0.01269
664.79	0.012737
665.3	0.012707
665.8	0.012696
666.3	0.012649
666.81	0.012702
667.31	0.012646
667.82	0.012551
668.32	0.012613
668.82	0.01259
669.33	0.012644
669.83	0.012499
670.34	0.012433
670.84	0.012527
671.34	0.012479
671.85	0.0124
672.35	0.012413
672.86	0.01232
673.36	0.012282
673.86	0.012284
674.37	0.01225
674.87	0.012246
675.38	0.012243
675.88	0.0121
676.38	0.012154
676.89	0.012136
677.39	0.012142
677.9	0.01209
678.4	0.012029
678.9	0.011952
679.41	0.012037
679.91	0.012008
680.42	0.011957
680.92	0.011971
681.42	0.011891
681.93	0.011887
682.43	0.011827
682.94	0.011792
683.44	0.011782
683.94	0.011841
684.45	0.011731
684.95	0.01159
685.46	0.011669
685.96	0.011546
686.46	0.011559
686.97	0.01159
687.47	0.011469
687.98	0.011521
688.48	0.011395
688.98	0.011398
689.49	0.011237
689.99	0.011362
690.5	0.01133
691	0.011312
691.5	0.011288
692.01	0.011206
692.51	0.011045
693.02	0.010966
693.52	0.010925
694.02	0.010904
694.53	0.010927
695.03	0.010791
695.54	0.010789
696.04	0.010592
696.54	0.010617
697.05	0.010624
697.55	0.010652
698.06	0.010507
698.56	0.010355
699.06	0.010436
699.57	0.010326
700.07	0.010407
700.58	0.010422
701.08	0.010028
701.58	0.010192
702.09	0.010181
702.59	0.0099906
703.1	0.010072
703.6	0.0099396
704.1	0.0099497
704.61	0.0099644
705.11	0.0098866
705.62	0.0099288
706.12	0.0097463
706.62	0.0097638
707.13	0.0096381
707.63	0.0096016
708.14	0.0096404
708.64	0.0095186
709.14	0.0093881
709.65	0.0095138
710.15	0.0094305
710.66	0.009378
711.16	0.0091874
711.66	0.0091345
712.17	0.0090316
712.67	0.0090272
713.18	0.0089287
713.68	0.0088514
714.18	0.0088229
714.69	0.0088445
715.19	0.0085601
715.7	0.0085229
716.2	0.0081164
716.7	0.0081878
717.21	0.0079693
717.71	0.0080853
718.22	0.0079152
718.72	0.0080718
719.22	0.0079137
719.73	0.0080206
720.23	0.0074699
720.74	0.0075578
721.24	0.0072796
721.74	0.0074544
722.25	0.0072637
722.75	0.0069264
723.26	0.006825
723.76	0.0066848
724.26	0.0066949
724.77	0.0065254
725.27	0.0065861
725.78	0.0061723
726.28	0.0062966
726.78	0.0062691
727.29	0.0059808
727.79	0.0057306
728.3	0.0057595
728.8	0.0058264
729.3	0.0055829
729.81	0.0055873
730.31	0.005337
730.82	0.0052944
731.32	0.0051689
731.82	0.00541
732.33	0.0049592
732.83	0.0051172
733.34	0.0051007
733.84	0.0051867
734.34	0.0049361
734.85	0.0044869
735.35	0.0047912
735.86	0.0044568
736.36	0.004762
736.86	0.0045709
737.37	0.0043117
737.87	0.0042318
738.38	0.0043113
738.88	0.0044046
739.38	0.0040794
739.89	0.004164
740.39	0.0038568
740.9	0.0036199
741.4	0.0034292
741.9	0.0040193
742.41	0.0036139
742.91	0.0037634
743.42	0.0035382
743.92	0.0036859
744.42	0.0034952
744.93	0.0031206
745.43	0.0031893
745.94	0.0029589
746.44	0.0032461
746.94	0.0030406
747.45	0.0031196
747.95	0.0027709
748.46	0.0029459
748.96	0.0025892
749.46	0.0026139
749.97	0.0030158
750.47	0.0025646
750.98	0.0024928
751.48	0.0025435
751.98	0.0024405
752.49	0.0021588
752.99	0.0012858
753.5	0.0015885
754	0.0024553
754.5	0.0011897
755.01	0.0016093
755.51	0.0015985
756.02	0.0009232
756.52	0.0011463
757.02	0.00094757
757.53	0.0013037
758.03	0.000586
758.54	0.00090071
759.04	0.00085091
759.54	0.0003058
760.05	0.00096018
760.55	0.00034368
761.06	0.00062088
761.56	-0.00018089
762.06	3.2079e-05
762.57	-0.00053609
763.07	-2.7988e-19
763.58	-0.00012269
764.08	-0.0013328
764.58	-0.00092478
765.09	-0.00077379
765.59	-0.0013344
766.1	-0.001484
766.6	-0.0015296
767.1	-0.0015085
767.61	-0.0016183
768.11	-0.0015258
768.62	-0.0021184
769.12	-0.0025665
