376.5	0.030003
377.01	0.032168
377.51	0.03041
378.02	0.029461
378.52	0.027357
379.02	0.02916
379.53	0.027958
380.03	0.027586
380.54	0.025992
381.04	0.027066
381.54	0.027441
382.05	0.0271
382.55	0.025885
383.06	0.025846
383.56	0.025501
384.06	0.024833
384.57	0.024012
385.07	0.02411
385.58	0.022808
386.08	0.022745
386.58	0.023487
387.09	0.023341
387.59	0.022113
388.1	0.020759
388.6	0.021602
389.1	0.022652
389.61	0.021323
390.11	0.020586
390.62	0.020157
391.12	0.019575
391.62	0.019878
392.13	0.018923
392.63	0.019768
393.14	0.018028
393.64	0.018419
394.14	0.018022
394.65	0.018233
395.15	0.018099
395.66	0.017879
396.16	0.017386
396.66	0.016678
397.17	0.016416
397.67	0.016631
398.18	0.015787
398.68	0.015799
399.18	0.015695
399.69	0.016205
400.19	0.015722
400.7	0.015566
401.2	0.015467
401.7	0.015675
402.21	0.014327
402.71	0.016001
403.22	0.015066
403.72	0.01501
404.22	0.015795
404.73	0.015703
405.23	0.015427
405.74	0.015542
406.24	0.01578
406.74	0.015264
407.25	0.015083
407.75	0.015429
408.26	0.015385
408.76	0.015265
409.26	0.015876
409.77	0.015671
410.27	0.015656
410.78	0.015827
411.28	0.015887
411.78	0.015862
412.29	0.016184
412.79	0.016282
413.3	0.016239
413.8	0.016078
414.3	0.016358
414.81	0.0164
415.31	0.016821
415.82	0.016799
416.32	0.016569
416.82	0.017032
417.33	0.016788
417.83	0.016786
418.34	0.016804
418.84	0.016559
419.34	0.017353
419.85	0.017038
420.35	0.016881
420.86	0.0174
421.36	0.017061
421.86	0.017123
422.37	0.016872
422.87	0.017257
423.38	0.017014
423.88	0.016954
424.38	0.017351
424.89	0.017067
425.39	0.017361
425.9	0.017103
426.4	0.017245
426.9	0.017327
427.41	0.016897
427.91	0.017153
428.42	0.01702
428.92	0.016977
429.42	0.017036
429.93	0.016866
430.43	0.017178
430.94	0.016777
431.44	0.017013
431.94	0.016961
432.45	0.016856
432.95	0.016795
433.46	0.016879
433.96	0.017008
434.46	0.016697
434.97	0.016886
435.47	0.016934
435.98	0.01704
436.48	0.016945
436.98	0.017057
437.49	0.01704
437.99	0.017194
438.5	0.017005
439	0.017028
439.5	0.017198
440.01	0.017171
440.51	0.017151
441.02	0.017149
441.52	0.017186
442.02	0.017369
442.53	0.017128
443.03	0.017049
443.54	0.01722
444.04	0.017367
444.54	0.01731
445.05	0.017172
445.55	0.017249
446.06	0.017061
446.56	0.017128
447.06	0.01713
447.57	0.017273
448.07	0.017293
448.58	0.017213
449.08	0.017334
449.58	0.017287
450.09	0.017082
450.59	0.01717
451.1	0.017104
451.6	0.017133
452.1	0.017253
452.61	0.017163
453.11	0.01708
453.62	0.017182
454.12	0.017243
454.62	0.017227
455.13	0.017028
455.63	0.016973
456.14	0.017153
456.64	0.017285
457.14	0.017045
457.65	0.016958
458.15	0.017136
458.66	0.017154
459.16	0.016992
459.66	0.017012
460.17	0.016922
460.67	0.017032
461.18	0.016959
461.68	0.016983
462.18	0.016884
462.69	0.016932
463.19	0.016928
463.7	0.017042
464.2	0.016922
464.7	0.016935
465.21	0.016834
465.71	0.016883
466.22	0.016989
466.72	0.016732
467.22	0.01695
467.73	0.016845
468.23	0.016909
468.74	0.016847
469.24	0.016917
469.74	0.016836
470.25	0.016815
470.75	0.016802
471.26	0.016786
471.76	0.016777
472.26	0.016804
472.77	0.016842
473.27	0.016793
473.78	0.01674
474.28	0.016655
474.78	0.01669
475.29	0.016682
475.79	0.016653
476.3	0.016744
476.8	0.016629
477.3	0.016632
477.81	0.016679
478.31	0.01655
478.82	0.01655
479.32	0.016577
479.82	0.016659
480.33	0.016529
480.83	0.016499
481.34	0.016453
481.84	0.016501
482.34	0.016429
482.85	0.016508
483.35	0.016502
483.86	0.016411
484.36	0.016443
484.86	0.016525
485.37	0.016405
485.87	0.016355
486.38	0.016374
486.88	0.016421
487.38	0.016343
487.89	0.01639
488.39	0.016309
488.9	0.016371
489.4	0.016305
489.9	0.016356
490.41	0.016342
490.91	0.016401
491.42	0.016363
491.92	0.016398
492.42	0.016432
492.93	0.016301
493.43	0.016465
493.94	0.016336
494.44	0.016307
494.94	0.016361
495.45	0.016294
495.95	0.016379
496.46	0.016321
496.96	0.016355
497.46	0.016257
497.97	0.016307
498.47	0.016366
498.98	0.016355
499.48	0.016198
499.98	0.016255
500.49	0.016208
500.99	0.016135
501.5	0.016129
502	0.016133
502.5	0.016067
503.01	0.016054
503.51	0.016027
504.02	0.01603
504.52	0.016009
505.02	0.015998
505.53	0.015965
506.03	0.016031
506.54	0.015879
507.04	0.015828
507.54	0.015886
508.05	0.015811
508.55	0.015739
509.06	0.015858
509.56	0.01582
510.06	0.01572
510.57	0.015723
511.07	0.015744
511.58	0.015669
512.08	0.015704
512.58	0.015663
513.09	0.015586
513.59	0.015641
514.1	0.015583
514.6	0.0156
515.1	0.015571
515.61	0.015591
516.11	0.01556
516.62	0.015541
517.12	0.015564
517.62	0.015525
518.13	0.015544
518.63	0.015484
519.14	0.015487
519.64	0.01545
520.14	0.015402
520.65	0.015462
521.15	0.01544
521.66	0.01542
522.16	0.015372
522.66	0.015389
523.17	0.015364
523.67	0.015406
524.18	0.015374
524.68	0.015328
525.18	0.015334
525.69	0.015322
526.19	0.015344
526.7	0.015335
527.2	0.015355
527.7	0.015324
528.21	0.015242
528.71	0.015286
529.22	0.015218
529.72	0.015266
530.22	0.015252
530.73	0.015238
531.23	0.01524
531.74	0.015256
532.24	0.015182
532.74	0.015115
533.25	0.015157
533.75	0.015129
534.26	0.015134
534.76	0.015128
535.26	0.0151
535.77	0.015084
536.27	0.015119
536.78	0.015098
537.28	0.015043
537.78	0.015077
538.29	0.014991
538.79	0.015064
539.3	0.014962
539.8	0.015016
540.3	0.015018
540.81	0.014994
541.31	0.015035
541.82	0.015016
542.32	0.014993
542.82	0.01496
543.33	0.014995
543.83	0.014932
544.34	0.014928
544.84	0.014951
545.34	0.014902
545.85	0.014911
546.35	0.014877
546.86	0.014874
547.36	0.014908
547.86	0.014876
548.37	0.014921
548.87	0.014899
549.38	0.014917
549.88	0.014904
550.38	0.014828
550.89	0.014804
551.39	0.014774
551.9	0.014781
552.4	0.014815
552.9	0.014808
553.41	0.014772
553.91	0.014749
554.42	0.014747
554.92	0.014787
555.42	0.014761
555.93	0.014701
556.43	0.014731
556.94	0.014699
557.44	0.01469
557.94	0.014697
558.45	0.014656
558.95	0.014666
559.46	0.01465
559.96	0.014535
560.46	0.014651
560.97	0.014566
561.47	0.014612
561.98	0.014625
562.48	0.014622
562.98	0.014536
563.49	0.014532
563.99	0.014554
564.5	0.014558
565	0.014546
565.5	0.014526
566.01	0.014525
566.51	0.01455
567.02	0.014521
567.52	0.014541
568.02	0.014508
568.53	0.014443
569.03	0.01451
569.54	0.014478
570.04	0.014501
570.54	0.014493
571.05	0.014427
571.55	0.0144
572.06	0.014408
572.56	0.014408
573.06	0.014417
573.57	0.014386
574.07	0.014403
574.58	0.01442
575.08	0.014367
575.58	0.014368
576.09	0.014353
576.59	0.014302
577.1	0.014396
577.6	0.014325
578.1	0.01427
578.61	0.014325
579.11	0.014309
579.62	0.014308
580.12	0.014313
580.62	0.014258
581.13	0.01427
581.63	0.014292
582.14	0.014264
582.64	0.014271
583.14	0.014244
583.65	0.014245
584.15	0.014188
584.66	0.014179
585.16	0.014132
585.66	0.014213
586.17	0.014109
586.67	0.014196
587.18	0.014136
587.68	0.014155
588.18	0.014168
588.69	0.01411
589.19	0.014073
589.7	0.014101
590.2	0.014041
590.7	0.014098
591.21	0.014007
591.71	0.014055
592.22	0.01396
592.72	0.013991
593.22	0.013946
593.73	0.013933
594.23	0.013998
594.74	0.013964
595.24	0.013926
595.74	0.013978
596.25	0.013889
596.75	0.013907
597.26	0.013856
597.76	0.013847
598.26	0.013909
598.77	0.013825
599.27	0.013818
599.78	0.013828
600.28	0.013875
600.78	0.013794
601.29	0.013791
601.79	0.013782
602.3	0.013766
602.8	0.013728
603.3	0.013761
603.81	0.013718
604.31	0.013709
604.82	0.013692
605.32	0.0137
605.82	0.013702
606.33	0.013704
606.83	0.01362
607.34	0.013672
607.84	0.013654
608.34	0.013673
608.85	0.013612
609.35	0.013618
609.86	0.013606
610.36	0.013584
610.86	0.013613
611.37	0.013635
611.87	0.013584
612.38	0.013491
612.88	0.013523
613.38	0.013502
613.89	0.013501
614.39	0.013429
614.9	0.013442
615.4	0.013459
615.9	0.013388
616.41	0.013474
616.91	0.013412
617.42	0.013315
617.92	0.013416
618.42	0.01334
618.93	0.013299
619.43	0.013275
619.94	0.013281
620.44	0.013277
620.94	0.013231
621.45	0.0132
621.95	0.013243
622.46	0.013201
622.96	0.013109
623.46	0.013195
623.97	0.01308
624.47	0.01311
624.98	0.013071
625.48	0.013019
625.98	0.013078
626.49	0.013037
626.99	0.013052
627.5	0.012995
628	0.013038
628.5	0.013034
629.01	0.013004
629.51	0.01296
630.02	0.013033
630.52	0.012958
631.02	0.012958
631.53	0.012895
632.03	0.012858
632.54	0.012941
633.04	0.012881
633.54	0.012896
634.05	0.012838
634.55	0.012893
635.06	0.012884
635.56	0.012839
636.06	0.012826
636.57	0.012923
637.07	0.012778
637.58	0.012779
638.08	0.012748
638.58	0.0128
639.09	0.012816
639.59	0.01272
640.1	0.012759
640.6	0.012821
641.1	0.012746
641.61	0.012834
642.11	0.012746
642.62	0.012753
643.12	0.012735
643.62	0.012705
644.13	0.012695
644.63	0.012749
645.14	0.012749
645.64	0.012665
646.14	0.012733
646.65	0.012657
647.15	0.012671
647.66	0.012641
648.16	0.012714
648.66	0.012685
649.17	0.012696
649.67	0.012657
650.18	0.012557
650.68	0.012606
651.18	0.01253
651.69	0.012583
652.19	0.012598
652.7	0.012527
653.2	0.012558
653.7	0.012504
654.21	0.012465
654.71	0.012467
655.22	0.012466
655.72	0.012486
656.22	0.012445
656.73	0.012291
657.23	0.012391
657.74	0.012415
658.24	0.01233
658.74	0.012342
659.25	0.012325
659.75	0.012294
660.26	0.012367
660.76	0.012205
661.26	0.012233
661.77	0.012268
662.27	0.012196
662.78	0.012264
663.28	0.01216
663.78	0.012205
664.29	0.012173
664.79	0.012255
665.3	0.012112
665.8	0.01215
666.3	0.012119
666.81	0.012122
667.31	0.012122
667.82	0.012027
668.32	0.012002
668.82	0.011998
669.33	0.012141
669.83	0.011914
670.34	0.011911
670.84	0.011899
671.34	0.0119
671.85	0.011853
672.35	0.011925
672.86	0.011785
673.36	0.01169
673.86	0.011807
674.37	0.011663
674.87	0.0117
675.38	0.011652
675.88	0.011616
676.38	0.01159
676.89	0.011563
677.39	0.011614
677.9	0.011655
678.4	0.011557
678.9	0.011477
679.41	0.011443
679.91	0.011452
680.42	0.011412
680.92	0.011342
681.42	0.011347
681.93	0.011287
682.43	0.011251
682.94	0.011304
683.44	0.011217
683.94	0.011222
684.45	0.011132
684.95	0.011133
685.46	0.011174
685.96	0.011078
686.46	0.010985
686.97	0.01105
687.47	0.010941
687.98	0.010849
688.48	0.010797
688.98	0.010754
689.49	0.010771
689.99	0.010738
690.5	0.010577
691	0.010642
691.5	0.010656
692.01	0.010551
692.51	0.010476
693.02	0.010422
693.52	0.010372
694.02	0.010256
694.53	0.010248
695.03	0.010239
695.54	0.010168
696.04	0.010161
696.54	0.010037
697.05	0.010155
697.55	0.010018
698.06	0.0098666
698.56	0.009976
699.06	0.0097594
699.57	0.0098987
700.07	0.0097875
700.58	0.0098532
701.08	0.0095437
701.58	0.0095391
702.09	0.0098179
702.59	0.0095342
703.1	0.0095326
703.6	0.0094439
704.1	0.0095064
704.61	0.0094455
705.11	0.009466
705.62	0.0094601
706.12	0.0091413
706.62	0.0093812
707.13	0.0090399
707.63	0.0090244
708.14	0.0090336
708.64	0.0088941
709.14	0.0087506
709.65	0.0088183
710.15	0.0089844
710.66	0.0087093
711.16	0.0086042
711.66	0.0084669
712.17	0.008412
712.67	0.0083852
713.18	0.008226
713.68	0.0081847
714.18	0.0082885
714.69	0.0079836
715.19	0.0078286
715.7	0.0079679
716.2	0.0075599
716.7	0.0077379
717.21	0.0076154
717.71	0.0072058
718.22	0.0074465
718.72	0.0072439
719.22	0.0071999
719.73	0.0073059
720.23	0.0065738
720.74	0.0068038
721.24	0.0066894
721.74	0.0064787
722.25	0.0064513
722.75	0.0064118
723.26	0.0060378
723.76	0.0060264
724.26	0.0059344
724.77	0.0059467
725.27	0.0060788
725.78	0.0056864
726.28	0.0058004
726.78	0.0054897
727.29	0.0053999
727.79	0.0052378
728.3	0.005362
728.8	0.0053094
729.3	0.0049398
729.81	0.0051447
730.31	0.0048276
730.82	0.0048477
731.32	0.0046573
731.82	0.0047735
732.33	0.004369
732.83	0.0048503
733.34	0.0045447
733.84	0.0045454
734.34	0.0046312
734.85	0.0040227
735.35	0.0042937
735.86	0.0036793
736.36	0.0042001
736.86	0.0040749
737.37	0.0037391
737.87	0.0036579
738.38	0.0039525
738.88	0.0040107
739.38	0.0038791
739.89	0.0037218
740.39	0.0035893
740.9	0.0028871
741.4	0.003493
741.9	0.0036374
742.41	0.0035679
742.91	0.0031551
743.42	0.0032484
743.92	0.0031935
744.42	0.0032455
744.93	0.0028962
745.43	0.0028325
745.94	0.002497
746.44	0.0030106
746.94	0.0025711
747.45	0.0025361
747.95	0.0022837
748.46	0.0023877
748.96	0.0023067
749.46	0.0022337
749.97	0.0027271
750.47	0.0020435
750.98	0.0019169
751.48	0.0019013
751.98	0.0014895
752.49	0.001602
752.99	0.0007853
753.5	0.0010619
754	0.0014448
754.5	0.0014511
755.01	0.0008183
755.51	0.0014414
756.02	0.00075534
756.52	0.00070103
757.02	0.00024886
757.53	0.00092709
758.03	0.0001758
758.54	0.00041571
759.04	-0.00021022
759.54	-6.116e-05
760.05	0.00078653
760.55	-0.0001458
761.06	0.00014733
761.56	-0.00060651
762.06	-0.0011762
762.57	-0.00083149
763.07	-0.00095824
763.58	-0.0014165
764.08	-0.0011633
764.58	-0.0013701
765.09	-0.0012935
765.59	-0.0017675
766.1	-0.0016017
766.6	-0.0015535
767.1	-0.0026459
767.61	-0.0022312
768.11	-0.0025225
768.62	-0.0028204
769.12	-0.0027426
