376.5	0.037434
377.01	0.03837
377.51	0.035684
378.02	0.035459
378.52	0.035366
379.02	0.033874
379.53	0.033781
380.03	0.031863
380.54	0.030706
381.04	0.031705
381.54	0.030518
382.05	0.031193
382.55	0.029995
383.06	0.0303
383.56	0.028693
384.06	0.028479
384.57	0.02735
385.07	0.026417
385.58	0.025771
386.08	0.025189
386.58	0.025949
387.09	0.025625
387.59	0.024078
388.1	0.023653
388.6	0.023689
389.1	0.024299
389.61	0.023118
390.11	0.022162
390.62	0.022353
391.12	0.020951
391.62	0.021466
392.13	0.020693
392.63	0.021222
393.14	0.0205
393.64	0.020372
394.14	0.01918
394.65	0.019613
395.15	0.019394
395.66	0.019579
396.16	0.019327
396.66	0.018047
397.17	0.01824
397.67	0.01848
398.18	0.017586
398.68	0.017835
399.18	0.017658
399.69	0.018256
400.19	0.017467
400.7	0.017121
401.2	0.017061
401.7	0.017533
402.21	0.016545
402.71	0.017779
403.22	0.017109
403.72	0.016905
404.22	0.01758
404.73	0.017554
405.23	0.017378
405.74	0.017375
406.24	0.017408
406.74	0.017093
407.25	0.017226
407.75	0.017397
408.26	0.01731
408.76	0.017714
409.26	0.017955
409.77	0.018259
410.27	0.017823
410.78	0.017584
411.28	0.017997
411.78	0.018224
412.29	0.018117
412.79	0.018432
413.3	0.018403
413.8	0.018316
414.3	0.018594
414.81	0.018067
415.31	0.018697
415.82	0.018487
416.32	0.018498
416.82	0.018773
417.33	0.018617
417.83	0.018537
418.34	0.018517
418.84	0.018589
419.34	0.018742
419.85	0.01868
420.35	0.018541
420.86	0.018803
421.36	0.018576
421.86	0.018669
422.37	0.018447
422.87	0.018894
423.38	0.018421
423.88	0.018607
424.38	0.018726
424.89	0.01834
425.39	0.018453
425.9	0.018435
426.4	0.018346
426.9	0.018762
427.41	0.018406
427.91	0.018534
428.42	0.018242
428.92	0.018236
429.42	0.018334
429.93	0.018277
430.43	0.018459
430.94	0.018352
431.44	0.01836
431.94	0.018304
432.45	0.018358
432.95	0.018356
433.46	0.018467
433.96	0.018333
434.46	0.018297
434.97	0.018371
435.47	0.018287
435.98	0.018612
436.48	0.018604
436.98	0.01875
437.49	0.018533
437.99	0.018729
438.5	0.018672
439	0.018644
439.5	0.018669
440.01	0.01877
440.51	0.018526
441.02	0.01867
441.52	0.018824
442.02	0.018773
442.53	0.018626
443.03	0.018461
443.54	0.018591
444.04	0.018801
444.54	0.018558
445.05	0.018637
445.55	0.018649
446.06	0.018568
446.56	0.018423
447.06	0.018397
447.57	0.01865
448.07	0.018603
448.58	0.018487
449.08	0.01858
449.58	0.018585
450.09	0.018446
450.59	0.01844
451.1	0.018332
451.6	0.018375
452.1	0.018541
452.61	0.018459
453.11	0.018255
453.62	0.018392
454.12	0.0184
454.62	0.018344
455.13	0.018257
455.63	0.018294
456.14	0.018429
456.64	0.018406
457.14	0.018367
457.65	0.018291
458.15	0.018352
458.66	0.018362
459.16	0.018306
459.66	0.018332
460.17	0.018329
460.67	0.01829
461.18	0.018304
461.68	0.018275
462.18	0.018287
462.69	0.018191
463.19	0.018153
463.7	0.0184
464.2	0.018236
464.7	0.018208
465.21	0.018125
465.71	0.018184
466.22	0.018287
466.72	0.018088
467.22	0.01826
467.73	0.018167
468.23	0.018104
468.74	0.018166
469.24	0.018213
469.74	0.018179
470.25	0.018065
470.75	0.018067
471.26	0.018008
471.76	0.017987
472.26	0.017976
472.77	0.017867
473.27	0.017985
473.78	0.017955
474.28	0.017873
474.78	0.017944
475.29	0.017908
475.79	0.017867
476.3	0.017918
476.8	0.01772
477.3	0.017856
477.81	0.017771
478.31	0.017734
478.82	0.01768
479.32	0.017775
479.82	0.017782
480.33	0.017682
480.83	0.017674
481.34	0.017571
481.84	0.017684
482.34	0.01762
482.85	0.017719
483.35	0.017707
483.86	0.017724
484.36	0.017629
484.86	0.017696
485.37	0.01768
485.87	0.017685
486.38	0.017644
486.88	0.017709
487.38	0.01769
487.89	0.017701
488.39	0.017707
488.9	0.017696
489.4	0.017684
489.9	0.017705
490.41	0.017705
490.91	0.017719
491.42	0.017703
491.92	0.017712
492.42	0.01764
492.93	0.017681
493.43	0.017715
493.94	0.017621
494.44	0.017551
494.94	0.017601
495.45	0.017552
495.95	0.017606
496.46	0.017562
496.96	0.017456
497.46	0.01745
497.97	0.017487
498.47	0.017466
498.98	0.017482
499.48	0.017324
499.98	0.017308
500.49	0.017292
500.99	0.017261
501.5	0.017213
502	0.017246
502.5	0.01712
503.01	0.017159
503.51	0.017142
504.02	0.017126
504.52	0.017144
505.02	0.017106
505.53	0.017141
506.03	0.017096
506.54	0.017016
507.04	0.017021
507.54	0.017014
508.05	0.016987
508.55	0.016963
509.06	0.017021
509.56	0.016927
510.06	0.016951
510.57	0.016962
511.07	0.016902
511.58	0.016858
512.08	0.016839
512.58	0.016817
513.09	0.016801
513.59	0.0168
514.1	0.016788
514.6	0.016739
515.1	0.016721
515.61	0.016793
516.11	0.016701
516.62	0.016731
517.12	0.016745
517.62	0.016701
518.13	0.016662
518.63	0.01664
519.14	0.016677
519.64	0.016602
520.14	0.016579
520.65	0.016568
521.15	0.016605
521.66	0.01658
522.16	0.016509
522.66	0.016593
523.17	0.016524
523.67	0.016552
524.18	0.01656
524.68	0.016536
525.18	0.016574
525.69	0.016542
526.19	0.016461
526.7	0.016579
527.2	0.016536
527.7	0.016499
528.21	0.016455
528.71	0.016435
529.22	0.016436
529.72	0.016393
530.22	0.016443
530.73	0.016383
531.23	0.016432
531.74	0.01648
532.24	0.016356
532.74	0.016354
533.25	0.016341
533.75	0.016301
534.26	0.016302
534.76	0.016318
535.26	0.016273
535.77	0.016272
536.27	0.01628
536.78	0.016281
537.28	0.016216
537.78	0.016257
538.29	0.016189
538.79	0.016177
539.3	0.016189
539.8	0.016171
540.3	0.016205
540.81	0.016167
541.31	0.016116
541.82	0.016156
542.32	0.016074
542.82	0.016101
543.33	0.016107
543.83	0.016083
544.34	0.016002
544.84	0.016011
545.34	0.016049
545.85	0.016006
546.35	0.015962
546.86	0.01601
547.36	0.016019
547.86	0.015966
548.37	0.016005
548.87	0.016043
549.38	0.015982
549.88	0.016037
550.38	0.015947
550.89	0.015959
551.39	0.015893
551.9	0.01592
552.4	0.015927
552.9	0.015872
553.41	0.015878
553.91	0.015811
554.42	0.015846
554.92	0.015868
555.42	0.015836
555.93	0.015795
556.43	0.015777
556.94	0.015768
557.44	0.015817
557.94	0.015815
558.45	0.01575
558.95	0.015777
559.46	0.015772
559.96	0.015645
560.46	0.0157
560.97	0.015668
561.47	0.015689
561.98	0.015726
562.48	0.015705
562.98	0.015635
563.49	0.01569
563.99	0.015612
564.5	0.015648
565	0.01562
565.5	0.015612
566.01	0.015592
566.51	0.015606
567.02	0.015586
567.52	0.015579
568.02	0.015595
568.53	0.01556
569.03	0.015543
569.54	0.015532
570.04	0.015563
570.54	0.015556
571.05	0.015492
571.55	0.015487
572.06	0.015506
572.56	0.015504
573.06	0.015468
573.57	0.015461
574.07	0.015454
574.58	0.01545
575.08	0.015414
575.58	0.015432
576.09	0.015397
576.59	0.015376
577.1	0.015409
577.6	0.015363
578.1	0.01538
578.61	0.015343
579.11	0.015349
579.62	0.01539
580.12	0.015306
580.62	0.01527
581.13	0.015305
581.63	0.015313
582.14	0.015338
582.64	0.015321
583.14	0.0153
583.65	0.015269
584.15	0.015278
584.66	0.015219
585.16	0.015207
585.66	0.015282
586.17	0.015185
586.67	0.015264
587.18	0.015194
587.68	0.015162
588.18	0.015191
588.69	0.01516
589.19	0.015101
589.7	0.015134
590.2	0.015127
590.7	0.015149
591.21	0.015006
591.71	0.015067
592.22	0.015074
592.72	0.015018
593.22	0.014969
593.73	0.015007
594.23	0.015024
594.74	0.015051
595.24	0.014982
595.74	0.015029
596.25	0.01492
596.75	0.014933
597.26	0.014955
597.76	0.014975
598.26	0.014893
598.77	0.014917
599.27	0.014839
599.78	0.014878
600.28	0.014879
600.78	0.014837
601.29	0.014797
601.79	0.014821
602.3	0.014819
602.8	0.014803
603.3	0.014792
603.81	0.014778
604.31	0.014737
604.82	0.014738
605.32	0.014767
605.82	0.014743
606.33	0.014733
606.83	0.014696
607.34	0.014732
607.84	0.014721
608.34	0.014715
608.85	0.014661
609.35	0.014679
609.86	0.01466
610.36	0.014653
610.86	0.014615
611.37	0.014635
611.87	0.014612
612.38	0.014534
612.88	0.014613
613.38	0.014565
613.89	0.01454
614.39	0.014493
614.9	0.014472
615.4	0.014511
615.9	0.014444
616.41	0.014464
616.91	0.014435
617.42	0.014361
617.92	0.014377
618.42	0.014371
618.93	0.0143
619.43	0.014281
619.94	0.014265
620.44	0.014307
620.94	0.014281
621.45	0.014217
621.95	0.014294
622.46	0.01421
622.96	0.014137
623.46	0.014143
623.97	0.014119
624.47	0.014113
624.98	0.014113
625.48	0.01408
625.98	0.01408
626.49	0.01401
626.99	0.014078
627.5	0.014034
628	0.014057
628.5	0.014015
629.01	0.014006
629.51	0.014028
630.02	0.013981
630.52	0.013912
631.02	0.013899
631.53	0.013889
632.03	0.013874
632.54	0.013913
633.04	0.013892
633.54	0.013887
634.05	0.013836
634.55	0.013819
635.06	0.013869
635.56	0.01379
636.06	0.013815
636.57	0.013835
637.07	0.013798
637.58	0.013784
638.08	0.013735
638.58	0.013732
639.09	0.013773
639.59	0.013689
640.1	0.013746
640.6	0.013763
641.1	0.013727
641.61	0.013814
642.11	0.013705
642.62	0.01376
643.12	0.013681
643.62	0.013694
644.13	0.013704
644.63	0.013693
645.14	0.013736
645.64	0.013627
646.14	0.013633
646.65	0.01364
647.15	0.013747
647.66	0.013678
648.16	0.013645
648.66	0.013672
649.17	0.013707
649.67	0.013714
650.18	0.013679
650.68	0.013686
651.18	0.01358
651.69	0.013665
652.19	0.01364
652.7	0.01365
653.2	0.013669
653.7	0.013598
654.21	0.013616
654.71	0.013619
655.22	0.013648
655.72	0.013568
656.22	0.013563
656.73	0.013548
657.23	0.013563
657.74	0.013466
658.24	0.013497
658.74	0.013446
659.25	0.013437
659.75	0.013449
660.26	0.013396
660.76	0.013287
661.26	0.013334
661.77	0.013359
662.27	0.01326
662.78	0.013302
663.28	0.013254
663.78	0.013276
664.29	0.013202
664.79	0.013314
665.3	0.013236
665.8	0.013303
666.3	0.013219
666.81	0.013248
667.31	0.01323
667.82	0.013297
668.32	0.013277
668.82	0.013222
669.33	0.013266
669.83	0.013141
670.34	0.013169
670.84	0.013203
671.34	0.013204
671.85	0.013168
672.35	0.013139
672.86	0.013125
673.36	0.013106
673.86	0.013059
674.37	0.013086
674.87	0.013062
675.38	0.01298
675.88	0.01298
676.38	0.012946
676.89	0.01291
677.39	0.012939
677.9	0.012955
678.4	0.012888
678.9	0.012815
679.41	0.012892
679.91	0.012829
680.42	0.012703
680.92	0.012697
681.42	0.012675
681.93	0.012694
682.43	0.01267
682.94	0.012619
683.44	0.012622
683.94	0.012634
684.45	0.012588
684.95	0.012488
685.46	0.012538
685.96	0.012492
686.46	0.012458
686.97	0.012409
687.47	0.012495
687.98	0.012437
688.48	0.012348
688.98	0.012363
689.49	0.012184
689.99	0.012311
690.5	0.012246
691	0.012238
691.5	0.012307
692.01	0.012259
692.51	0.012184
693.02	0.012067
693.52	0.012059
694.02	0.011963
694.53	0.011982
695.03	0.011999
695.54	0.011843
696.04	0.011696
696.54	0.01171
697.05	0.011758
697.55	0.011798
698.06	0.011723
698.56	0.01163
699.06	0.011609
699.57	0.011577
700.07	0.011651
700.58	0.011722
701.08	0.011335
701.58	0.011459
702.09	0.011336
702.59	0.011463
703.1	0.011367
703.6	0.011221
704.1	0.011302
704.61	0.011268
705.11	0.011295
705.62	0.011249
706.12	0.011268
706.62	0.011165
707.13	0.011149
707.63	0.011171
708.14	0.011178
708.64	0.011301
709.14	0.010955
709.65	0.011071
710.15	0.011151
710.66	0.011071
711.16	0.010964
711.66	0.011003
712.17	0.01089
712.67	0.010823
713.18	0.010799
713.68	0.010855
714.18	0.011052
714.69	0.010701
715.19	0.010639
715.7	0.010876
716.2	0.010414
716.7	0.010438
717.21	0.010456
717.71	0.01005
718.22	0.010427
718.72	0.010422
719.22	0.010229
719.73	0.01031
720.23	0.0099903
720.74	0.0099367
721.24	0.010018
721.74	0.0097638
722.25	0.0097938
722.75	0.0097735
723.26	0.0093547
723.76	0.0094307
724.26	0.0096346
724.77	0.0094029
725.27	0.00952
725.78	0.0093429
726.28	0.0091446
726.78	0.0090606
727.29	0.0088679
727.79	0.0087267
728.3	0.0089484
728.8	0.0087935
729.3	0.0085522
729.81	0.0088603
730.31	0.0084307
730.82	0.0085167
731.32	0.0083301
731.82	0.0083721
732.33	0.0080636
732.83	0.0083004
733.34	0.0081356
733.84	0.0079325
734.34	0.0080848
734.85	0.0078747
735.35	0.0079871
735.86	0.0076653
736.36	0.008033
736.86	0.0078004
737.37	0.0075011
737.87	0.0076346
738.38	0.0076227
738.88	0.0077051
739.38	0.0075153
739.89	0.0070812
740.39	0.0071163
740.9	0.0066713
741.4	0.0069031
741.9	0.0075208
742.41	0.0069185
742.91	0.0070455
743.42	0.0069281
743.92	0.0071324
744.42	0.0069349
744.93	0.0068302
745.43	0.0069493
745.94	0.0066106
746.44	0.0067793
746.94	0.0064017
747.45	0.0067779
747.95	0.0065695
748.46	0.0065506
748.96	0.0066377
749.46	0.0062734
749.97	0.0069461
750.47	0.0065784
750.98	0.0063596
751.48	0.0064963
751.98	0.006564
752.49	0.0062537
752.99	0.0058078
753.5	0.0059766
754	0.0067365
754.5	0.0058945
755.01	0.0062373
755.51	0.0063755
756.02	0.005791
756.52	0.0057882
757.02	0.0061065
757.53	0.0064993
758.03	0.0058307
758.54	0.0063545
759.04	0.0061766
759.54	0.0056981
760.05	0.0065476
760.55	0.0060821
761.06	0.0058616
761.56	0.0054479
762.06	0.0056138
762.57	0.0055141
763.07	0.0055182
763.58	0.006257
764.08	0.0052294
764.58	0.0055259
765.09	0.0062711
765.59	0.0061572
766.1	0.0054883
766.6	0.0061541
767.1	0.0055672
767.61	0.0056149
768.11	0.0057463
768.62	0.00539
769.12	0.0056111
