376.5	0.036347
377.01	0.036616
377.51	0.034867
378.02	0.035439
378.52	0.033035
379.02	0.032807
379.53	0.033202
380.03	0.030468
380.54	0.029702
381.04	0.031354
381.54	0.029757
382.05	0.030536
382.55	0.02873
383.06	0.028414
383.56	0.028821
384.06	0.027159
384.57	0.02718
385.07	0.02604
385.58	0.024933
386.08	0.0249
386.58	0.025042
387.09	0.025005
387.59	0.023688
388.1	0.022779
388.6	0.024109
389.1	0.024351
389.61	0.023314
390.11	0.021444
390.62	0.021884
391.12	0.020693
391.62	0.021721
392.13	0.021064
392.63	0.021093
393.14	0.020191
393.64	0.020169
394.14	0.019655
394.65	0.019776
395.15	0.019309
395.66	0.019079
396.16	0.018959
396.66	0.017927
397.17	0.018161
397.67	0.018267
398.18	0.01771
398.68	0.01748
399.18	0.01721
399.69	0.017696
400.19	0.01721
400.7	0.016626
401.2	0.017009
401.7	0.017272
402.21	0.016545
402.71	0.0176
403.22	0.016852
403.72	0.016952
404.22	0.017564
404.73	0.017584
405.23	0.017341
405.74	0.01725
406.24	0.017415
406.74	0.017221
407.25	0.017184
407.75	0.017533
408.26	0.017458
408.76	0.017714
409.26	0.018027
409.77	0.017831
410.27	0.017728
410.78	0.017831
411.28	0.018076
411.78	0.018577
412.29	0.0183
412.79	0.018432
413.3	0.018528
413.8	0.018562
414.3	0.018452
414.81	0.018521
415.31	0.01908
415.82	0.018711
416.32	0.018791
416.82	0.019274
417.33	0.019026
417.83	0.018748
418.34	0.019142
418.84	0.01904
419.34	0.019279
419.85	0.019117
420.35	0.018744
420.86	0.019084
421.36	0.019009
421.86	0.018997
422.37	0.018906
422.87	0.019229
423.38	0.018668
423.88	0.018781
424.38	0.019105
424.89	0.018832
425.39	0.018907
425.9	0.018733
426.4	0.019037
426.9	0.019043
427.41	0.018582
427.91	0.018869
428.42	0.018667
428.92	0.018516
429.42	0.018476
429.93	0.018566
430.43	0.018738
430.94	0.018477
431.44	0.018393
431.94	0.018362
432.45	0.018459
432.95	0.018557
433.46	0.018649
433.96	0.018522
434.46	0.018336
434.97	0.01841
435.47	0.018481
435.98	0.018751
436.48	0.018813
436.98	0.018786
437.49	0.018628
437.99	0.019073
438.5	0.018813
439	0.018877
439.5	0.019121
440.01	0.018971
440.51	0.019012
441.02	0.018973
441.52	0.019063
442.02	0.019007
442.53	0.019056
443.03	0.018967
443.54	0.019091
444.04	0.019268
444.54	0.019034
445.05	0.019114
445.55	0.019079
446.06	0.019053
446.56	0.018912
447.06	0.019005
447.57	0.019296
448.07	0.019258
448.58	0.019222
449.08	0.019242
449.58	0.019171
450.09	0.019031
450.59	0.019084
451.1	0.01907
451.6	0.018935
452.1	0.019168
452.61	0.019048
453.11	0.018985
453.62	0.018924
454.12	0.018932
454.62	0.018846
455.13	0.018745
455.63	0.018778
456.14	0.018889
456.64	0.018938
457.14	0.01884
457.65	0.018798
458.15	0.018943
458.66	0.018898
459.16	0.01873
459.66	0.018672
460.17	0.018726
460.67	0.018671
461.18	0.018755
461.68	0.018723
462.18	0.018665
462.69	0.018691
463.19	0.018697
463.7	0.018825
464.2	0.01863
464.7	0.018619
465.21	0.018593
465.71	0.018546
466.22	0.018725
466.72	0.018555
467.22	0.018608
467.73	0.018594
468.23	0.018629
468.74	0.018521
469.24	0.018624
469.74	0.018632
470.25	0.018574
470.75	0.018599
471.26	0.01853
471.76	0.01858
472.26	0.018567
472.77	0.018607
473.27	0.018608
473.78	0.018611
474.28	0.01839
474.78	0.018548
475.29	0.018479
475.79	0.018512
476.3	0.018584
476.8	0.018468
477.3	0.018484
477.81	0.018553
478.31	0.01847
478.82	0.018495
479.32	0.018503
479.82	0.018507
480.33	0.018428
480.83	0.018529
481.34	0.018402
481.84	0.01842
482.34	0.018358
482.85	0.018399
483.35	0.018344
483.86	0.018288
484.36	0.018323
484.86	0.018321
485.37	0.018277
485.87	0.018201
486.38	0.018157
486.88	0.018176
487.38	0.018192
487.89	0.018157
488.39	0.018139
488.9	0.0182
489.4	0.018105
489.9	0.018119
490.41	0.018112
490.91	0.018062
491.42	0.018039
491.92	0.018068
492.42	0.018049
492.93	0.017996
493.43	0.017981
493.94	0.017903
494.44	0.01791
494.94	0.017903
495.45	0.017914
495.95	0.017864
496.46	0.017818
496.96	0.017859
497.46	0.017852
497.97	0.017784
498.47	0.017811
498.98	0.017734
499.48	0.017658
499.98	0.017707
500.49	0.017679
500.99	0.017675
501.5	0.017625
502	0.01769
502.5	0.017569
503.01	0.017556
503.51	0.017591
504.02	0.017529
504.52	0.017526
505.02	0.017594
505.53	0.017674
506.03	0.017563
506.54	0.017514
507.04	0.017517
507.54	0.017471
508.05	0.0175
508.55	0.017505
509.06	0.017617
509.56	0.017471
510.06	0.017444
510.57	0.017437
511.07	0.017462
511.58	0.017404
512.08	0.017358
512.58	0.017353
513.09	0.017373
513.59	0.017374
514.1	0.017369
514.6	0.017405
515.1	0.017307
515.61	0.017357
516.11	0.017355
516.62	0.017283
517.12	0.017322
517.62	0.017277
518.13	0.017252
518.63	0.017257
519.14	0.017253
519.64	0.017223
520.14	0.017197
520.65	0.017114
521.15	0.017186
521.66	0.017171
522.16	0.017107
522.66	0.01714
523.17	0.017086
523.67	0.01708
524.18	0.017086
524.68	0.017052
525.18	0.017063
525.69	0.017023
526.19	0.017063
526.7	0.017057
527.2	0.017097
527.7	0.017018
528.21	0.016996
528.71	0.016919
529.22	0.016906
529.72	0.016937
530.22	0.017
530.73	0.016915
531.23	0.016975
531.74	0.016994
532.24	0.016897
532.74	0.016844
533.25	0.016862
533.75	0.016829
534.26	0.016825
534.76	0.016796
535.26	0.016801
535.77	0.016802
536.27	0.016797
536.78	0.016793
537.28	0.016745
537.78	0.016745
538.29	0.0167
538.79	0.016714
539.3	0.016651
539.8	0.016706
540.3	0.016664
540.81	0.016653
541.31	0.016662
541.82	0.016663
542.32	0.016644
542.82	0.016583
543.33	0.016628
543.83	0.016563
544.34	0.016507
544.84	0.016535
545.34	0.016517
545.85	0.016521
546.35	0.01649
546.86	0.016471
547.36	0.01652
547.86	0.016461
548.37	0.016462
548.87	0.016491
549.38	0.016517
549.88	0.016485
550.38	0.01643
550.89	0.01642
551.39	0.016392
551.9	0.016418
552.4	0.016421
552.9	0.01639
553.41	0.016394
553.91	0.016317
554.42	0.016314
554.92	0.016376
555.42	0.016379
555.93	0.016287
556.43	0.016339
556.94	0.016305
557.44	0.016323
557.94	0.016278
558.45	0.016255
558.95	0.016246
559.46	0.01622
559.96	0.016173
560.46	0.016172
560.97	0.016145
561.47	0.016177
561.98	0.016223
562.48	0.01618
562.98	0.016064
563.49	0.016136
563.99	0.016103
564.5	0.016137
565	0.016104
565.5	0.016106
566.01	0.016065
566.51	0.016128
567.02	0.016066
567.52	0.016082
568.02	0.016029
568.53	0.016051
569.03	0.016037
569.54	0.016007
570.04	0.016033
570.54	0.016042
571.05	0.01597
571.55	0.015971
572.06	0.016007
572.56	0.015952
573.06	0.016005
573.57	0.015955
574.07	0.015941
574.58	0.015977
575.08	0.015928
575.58	0.015902
576.09	0.015933
576.59	0.015857
577.1	0.01593
577.6	0.015869
578.1	0.015845
578.61	0.015832
579.11	0.015845
579.62	0.015861
580.12	0.015839
580.62	0.015766
581.13	0.015808
581.63	0.015778
582.14	0.015806
582.64	0.015796
583.14	0.015799
583.65	0.015793
584.15	0.015772
584.66	0.015716
585.16	0.015677
585.66	0.015731
586.17	0.015635
586.67	0.015763
587.18	0.015685
587.68	0.015655
588.18	0.015665
588.69	0.015686
589.19	0.015639
589.7	0.0156
590.2	0.015563
590.7	0.015556
591.21	0.015566
591.71	0.015553
592.22	0.015506
592.72	0.015509
593.22	0.015473
593.73	0.01549
594.23	0.015516
594.74	0.015537
595.24	0.015442
595.74	0.015479
596.25	0.015433
596.75	0.015414
597.26	0.015413
597.76	0.015424
598.26	0.01543
598.77	0.015378
599.27	0.015377
599.78	0.015372
600.28	0.015389
600.78	0.015347
601.29	0.015317
601.79	0.015332
602.3	0.015298
602.8	0.015302
603.3	0.015305
603.81	0.015235
604.31	0.015206
604.82	0.015209
605.32	0.015255
605.82	0.015242
606.33	0.015224
606.83	0.015175
607.34	0.015219
607.84	0.015185
608.34	0.01517
608.85	0.015184
609.35	0.015198
609.86	0.01517
610.36	0.015108
610.86	0.015173
611.37	0.015167
611.87	0.01513
612.38	0.015046
612.88	0.015112
613.38	0.015016
613.89	0.015071
614.39	0.014972
614.9	0.014977
615.4	0.014983
615.9	0.014973
616.41	0.014991
616.91	0.014922
617.42	0.014877
617.92	0.014942
618.42	0.014929
618.93	0.014821
619.43	0.014802
619.94	0.014789
620.44	0.014824
620.94	0.014751
621.45	0.014759
621.95	0.014757
622.46	0.014708
622.96	0.014669
623.46	0.014649
623.97	0.014615
624.47	0.014626
624.98	0.014604
625.48	0.014528
625.98	0.014573
626.49	0.014524
626.99	0.014527
627.5	0.014485
628	0.014537
628.5	0.014465
629.01	0.014467
629.51	0.014494
630.02	0.014472
630.52	0.014416
631.02	0.014422
631.53	0.014389
632.03	0.014329
632.54	0.01437
633.04	0.014354
633.54	0.014364
634.05	0.014326
634.55	0.014359
635.06	0.014313
635.56	0.014287
636.06	0.014255
636.57	0.014342
637.07	0.014276
637.58	0.014214
638.08	0.014231
638.58	0.014197
639.09	0.014208
639.59	0.014146
640.1	0.014146
640.6	0.014144
641.1	0.014193
641.61	0.014187
642.11	0.014155
642.62	0.014164
643.12	0.014094
643.62	0.014129
644.13	0.014129
644.63	0.014146
645.14	0.014184
645.64	0.014092
646.14	0.014141
646.65	0.014105
647.15	0.014201
647.66	0.014158
648.16	0.014136
648.66	0.014147
649.17	0.014165
649.67	0.014181
650.18	0.01414
650.68	0.014114
651.18	0.01405
651.69	0.014172
652.19	0.014134
652.7	0.014083
653.2	0.014108
653.7	0.01404
654.21	0.014017
654.71	0.013989
655.22	0.014058
655.72	0.014063
656.22	0.014014
656.73	0.013996
657.23	0.014059
657.74	0.014007
658.24	0.013996
658.74	0.014013
659.25	0.013941
659.75	0.013895
660.26	0.013924
660.76	0.013833
661.26	0.013869
661.77	0.013956
662.27	0.013789
662.78	0.013872
663.28	0.013792
663.78	0.013863
664.29	0.013883
664.79	0.013901
665.3	0.013845
665.8	0.01393
666.3	0.013858
666.81	0.013798
667.31	0.013747
667.82	0.013771
668.32	0.013813
668.82	0.013685
669.33	0.013853
669.83	0.013695
670.34	0.013628
670.84	0.013629
671.34	0.013675
671.85	0.013634
672.35	0.01353
672.86	0.013574
673.36	0.013421
673.86	0.013414
674.37	0.013408
674.87	0.013506
675.38	0.013415
675.88	0.013307
676.38	0.013336
676.89	0.013343
677.39	0.013303
677.9	0.013396
678.4	0.013308
678.9	0.013213
679.41	0.013239
679.91	0.013203
680.42	0.013084
680.92	0.013201
681.42	0.013112
681.93	0.013119
682.43	0.013111
682.94	0.013056
683.44	0.013087
683.94	0.013091
684.45	0.012978
684.95	0.012957
685.46	0.013103
685.96	0.012975
686.46	0.012951
686.97	0.013008
687.47	0.012919
687.98	0.012989
688.48	0.012823
688.98	0.012961
689.49	0.012786
689.99	0.012818
690.5	0.012821
691	0.012769
691.5	0.012792
692.01	0.012773
692.51	0.01259
693.02	0.01253
693.52	0.012516
694.02	0.012543
694.53	0.012663
695.03	0.012469
695.54	0.012359
696.04	0.012305
696.54	0.012218
697.05	0.01223
697.55	0.012166
698.06	0.012009
698.56	0.011885
699.06	0.011829
699.57	0.011807
700.07	0.011804
700.58	0.011777
701.08	0.011667
701.58	0.011622
702.09	0.011644
702.59	0.011592
703.1	0.011553
703.6	0.011294
704.1	0.011405
704.61	0.011335
705.11	0.011344
705.62	0.011256
706.12	0.011129
706.62	0.01111
707.13	0.011026
707.63	0.011112
708.14	0.010994
708.64	0.010998
709.14	0.010829
709.65	0.011035
710.15	0.011062
710.66	0.010892
711.16	0.010782
711.66	0.01078
712.17	0.010622
712.67	0.010594
713.18	0.010638
713.68	0.01068
714.18	0.010654
714.69	0.010512
715.19	0.010381
715.7	0.01033
716.2	0.010102
716.7	0.0099464
717.21	0.009977
717.71	0.0099487
718.22	0.0099385
718.72	0.010076
719.22	0.009814
719.73	0.0096192
720.23	0.0096857
720.74	0.0094269
721.24	0.0095574
721.74	0.0095628
722.25	0.0092299
722.75	0.0090223
723.26	0.0088579
723.76	0.0088382
724.26	0.0089568
724.77	0.0087205
725.27	0.0087611
725.78	0.0085893
726.28	0.0085567
726.78	0.0085311
727.29	0.0082613
727.79	0.0082165
728.3	0.008096
728.8	0.0078629
729.3	0.0078316
729.81	0.0078277
730.31	0.0073091
730.82	0.0075139
731.32	0.0071187
731.82	0.0073145
732.33	0.0071412
732.83	0.0072679
733.34	0.0071002
733.84	0.0071155
734.34	0.0069704
734.85	0.0066743
735.35	0.0067217
735.86	0.0061432
736.36	0.0067758
736.86	0.0064759
737.37	0.0064303
737.87	0.0060984
738.38	0.0059817
738.88	0.0061056
739.38	0.0059734
739.89	0.006031
740.39	0.0057851
740.9	0.0053762
741.4	0.0054663
741.9	0.0055209
742.41	0.0056546
742.91	0.0053409
743.42	0.0053444
743.92	0.005245
744.42	0.0050417
744.93	0.0051963
745.43	0.0051299
745.94	0.00516
746.44	0.0049244
746.94	0.0046951
747.45	0.0051695
747.95	0.0045141
748.46	0.0045273
748.96	0.004331
749.46	0.0041744
749.97	0.0049649
750.47	0.0044209
750.98	0.0042863
751.48	0.0042864
751.98	0.0043003
752.49	0.0037779
752.99	0.0032534
753.5	0.0037211
754	0.0042989
754.5	0.0036052
755.01	0.0039278
755.51	0.00389
756.02	0.0037487
756.52	0.0029936
757.02	0.0030437
757.53	0.0035345
758.03	0.0036137
758.54	0.003395
759.04	0.0033436
759.54	0.0031498
760.05	0.0033811
760.55	0.0030098
761.06	0.0029676
761.56	0.0031177
762.06	0.0023845
762.57	0.0022428
763.07	0.0029628
763.58	0.0023645
764.08	0.0020782
764.58	0.0021007
765.09	0.0024138
765.59	0.0021304
766.1	0.0016371
766.6	0.0022107
767.1	0.0020712
767.61	0.0015815
768.11	0.0018457
768.62	0.0017549
769.12	0.0013839
