376.5	0.033697
377.01	0.035504
377.51	0.034281
378.02	0.031991
378.52	0.031501
379.02	0.032788
379.53	0.031274
380.03	0.029616
380.54	0.028322
381.04	0.029175
381.54	0.028963
382.05	0.028481
382.55	0.027399
383.06	0.027585
383.56	0.026913
384.06	0.02554
384.57	0.024888
385.07	0.024411
385.58	0.02399
386.08	0.023092
386.58	0.023429
387.09	0.024004
387.59	0.023367
388.1	0.021346
388.6	0.02293
389.1	0.02335
389.61	0.02239
390.11	0.021406
390.62	0.021706
391.12	0.020263
391.62	0.020702
392.13	0.020107
392.63	0.020319
393.14	0.01939
393.64	0.019458
394.14	0.019081
394.65	0.019211
395.15	0.018694
395.66	0.018672
396.16	0.018407
396.66	0.017277
397.17	0.017461
397.67	0.01787
398.18	0.016805
398.68	0.017079
399.18	0.017247
399.69	0.016856
400.19	0.017024
400.7	0.0168
401.2	0.016795
401.7	0.016596
402.21	0.016065
402.71	0.017208
403.22	0.016644
403.72	0.01674
404.22	0.016749
404.73	0.017044
405.23	0.016818
405.74	0.017213
406.24	0.017127
406.74	0.016652
407.25	0.016586
407.75	0.016973
408.26	0.016901
408.76	0.017198
409.26	0.0175
409.77	0.017575
410.27	0.0173
410.78	0.017621
411.28	0.017564
411.78	0.017865
412.29	0.017412
412.79	0.017796
413.3	0.017994
413.8	0.018092
414.3	0.018002
414.81	0.018142
415.31	0.01794
415.82	0.018195
416.32	0.018024
416.82	0.018302
417.33	0.018268
417.83	0.018085
418.34	0.018067
418.84	0.018176
419.34	0.018304
419.85	0.018381
420.35	0.01821
420.86	0.018616
421.36	0.018295
421.86	0.018254
422.37	0.018112
422.87	0.018492
423.38	0.018108
423.88	0.01819
424.38	0.018319
424.89	0.018073
425.39	0.018329
425.9	0.018057
426.4	0.018241
426.9	0.018562
427.41	0.018195
427.91	0.018156
428.42	0.017944
428.92	0.017952
429.42	0.017981
429.93	0.018055
430.43	0.018156
430.94	0.017882
431.44	0.017956
431.94	0.017951
432.45	0.017902
432.95	0.01788
433.46	0.018112
433.96	0.017943
434.46	0.018029
434.97	0.018006
435.47	0.018176
435.98	0.018163
436.48	0.018179
436.98	0.018274
437.49	0.018204
437.99	0.018435
438.5	0.018311
439	0.018408
439.5	0.018544
440.01	0.018435
440.51	0.018356
441.02	0.018639
441.52	0.018358
442.02	0.01875
442.53	0.018454
443.03	0.018393
443.54	0.018353
444.04	0.01851
444.54	0.018398
445.05	0.01848
445.55	0.018372
446.06	0.01831
446.56	0.018164
447.06	0.018368
447.57	0.018492
448.07	0.018432
448.58	0.018286
449.08	0.018478
449.58	0.018252
450.09	0.01833
450.59	0.01816
451.1	0.018316
451.6	0.018159
452.1	0.018369
452.61	0.018176
453.11	0.01811
453.62	0.01833
454.12	0.018185
454.62	0.018158
455.13	0.018063
455.63	0.017991
456.14	0.018133
456.64	0.018196
457.14	0.018107
457.65	0.018022
458.15	0.018155
458.66	0.018167
459.16	0.018095
459.66	0.01808
460.17	0.017976
460.67	0.018064
461.18	0.018056
461.68	0.018094
462.18	0.018161
462.69	0.018149
463.19	0.018088
463.7	0.018166
464.2	0.018048
464.7	0.018067
465.21	0.018001
465.71	0.018091
466.22	0.018077
466.72	0.017896
467.22	0.018086
467.73	0.018077
468.23	0.018058
468.74	0.018041
469.24	0.018064
469.74	0.017961
470.25	0.017948
470.75	0.017938
471.26	0.017936
471.76	0.017857
472.26	0.017884
472.77	0.017789
473.27	0.01785
473.78	0.017872
474.28	0.017654
474.78	0.017743
475.29	0.017832
475.79	0.01767
476.3	0.017687
476.8	0.017667
477.3	0.017617
477.81	0.017601
478.31	0.017529
478.82	0.017588
479.32	0.017617
479.82	0.017608
480.33	0.017604
480.83	0.017536
481.34	0.017474
481.84	0.017416
482.34	0.017448
482.85	0.017633
483.35	0.017489
483.86	0.017507
484.36	0.01753
484.86	0.017574
485.37	0.01754
485.87	0.017559
486.38	0.017502
486.88	0.01757
487.38	0.017513
487.89	0.01753
488.39	0.017507
488.9	0.017589
489.4	0.017508
489.9	0.01753
490.41	0.017501
490.91	0.017497
491.42	0.01747
491.92	0.017587
492.42	0.017502
492.93	0.017436
493.43	0.01747
493.94	0.017405
494.44	0.017387
494.94	0.017378
495.45	0.017381
495.95	0.017339
496.46	0.017309
496.96	0.017277
497.46	0.017271
497.97	0.01725
498.47	0.017196
498.98	0.017182
499.48	0.017126
499.98	0.017112
500.49	0.017155
500.99	0.017008
501.5	0.017
502	0.017047
502.5	0.017031
503.01	0.016959
503.51	0.016905
504.02	0.016942
504.52	0.016903
505.02	0.016927
505.53	0.01692
506.03	0.016894
506.54	0.016808
507.04	0.016787
507.54	0.016787
508.05	0.016748
508.55	0.016773
509.06	0.016824
509.56	0.016811
510.06	0.016735
510.57	0.0167
511.07	0.016657
511.58	0.016633
512.08	0.01662
512.58	0.01657
513.09	0.016647
513.59	0.016631
514.1	0.016621
514.6	0.01656
515.1	0.01654
515.61	0.016583
516.11	0.016519
516.62	0.016529
517.12	0.016521
517.62	0.016502
518.13	0.016466
518.63	0.016401
519.14	0.016462
519.64	0.016434
520.14	0.016392
520.65	0.016403
521.15	0.016402
521.66	0.01643
522.16	0.016333
522.66	0.016385
523.17	0.016388
523.67	0.016406
524.18	0.016378
524.68	0.016357
525.18	0.016322
525.69	0.01638
526.19	0.016341
526.7	0.016404
527.2	0.016363
527.7	0.016331
528.21	0.016305
528.71	0.016282
529.22	0.016282
529.72	0.016232
530.22	0.016314
530.73	0.016229
531.23	0.016262
531.74	0.016267
532.24	0.016239
532.74	0.016165
533.25	0.016241
533.75	0.016212
534.26	0.016179
534.76	0.016183
535.26	0.016142
535.77	0.016115
536.27	0.01616
536.78	0.016145
537.28	0.016046
537.78	0.016103
538.29	0.016033
538.79	0.016076
539.3	0.015996
539.8	0.016078
540.3	0.015996
540.81	0.016
541.31	0.016035
541.82	0.016006
542.32	0.015992
542.82	0.015956
543.33	0.015938
543.83	0.015901
544.34	0.015916
544.84	0.015879
545.34	0.015887
545.85	0.015864
546.35	0.015874
546.86	0.015898
547.36	0.01587
547.86	0.015832
548.37	0.015856
548.87	0.015911
549.38	0.015861
549.88	0.015803
550.38	0.015789
550.89	0.015785
551.39	0.015757
551.9	0.015763
552.4	0.015744
552.9	0.015731
553.41	0.015733
553.91	0.015678
554.42	0.015714
554.92	0.015758
555.42	0.015726
555.93	0.015648
556.43	0.015683
556.94	0.015656
557.44	0.015675
557.94	0.01566
558.45	0.015602
558.95	0.015653
559.46	0.015633
559.96	0.015509
560.46	0.015533
560.97	0.01553
561.47	0.015564
561.98	0.015534
562.48	0.015532
562.98	0.015469
563.49	0.01553
563.99	0.015504
564.5	0.015484
565	0.015489
565.5	0.015432
566.01	0.015459
566.51	0.015453
567.02	0.015483
567.52	0.015445
568.02	0.015414
568.53	0.015398
569.03	0.015448
569.54	0.015432
570.04	0.015405
570.54	0.015393
571.05	0.015364
571.55	0.015351
572.06	0.015371
572.56	0.015324
573.06	0.015354
573.57	0.015305
574.07	0.015326
574.58	0.015306
575.08	0.015286
575.58	0.015272
576.09	0.015308
576.59	0.015211
577.1	0.015273
577.6	0.015226
578.1	0.01528
578.61	0.015192
579.11	0.015189
579.62	0.015273
580.12	0.015211
580.62	0.01514
581.13	0.015207
581.63	0.015184
582.14	0.015168
582.64	0.015189
583.14	0.015162
583.65	0.015198
584.15	0.015106
584.66	0.015081
585.16	0.015082
585.66	0.01512
586.17	0.015012
586.67	0.01513
587.18	0.015074
587.68	0.015001
588.18	0.015049
588.69	0.015038
589.19	0.015013
589.7	0.015037
590.2	0.014982
590.7	0.014972
591.21	0.014914
591.71	0.014981
592.22	0.014897
592.72	0.014903
593.22	0.014856
593.73	0.014894
594.23	0.01489
594.74	0.014872
595.24	0.014866
595.74	0.014872
596.25	0.014786
596.75	0.01481
597.26	0.014785
597.76	0.01476
598.26	0.01475
598.77	0.014781
599.27	0.014742
599.78	0.014735
600.28	0.014706
600.78	0.014695
601.29	0.014683
601.79	0.014657
602.3	0.014629
602.8	0.014613
603.3	0.014639
603.81	0.01461
604.31	0.01462
604.82	0.014557
605.32	0.014553
605.82	0.0146
606.33	0.014602
606.83	0.014496
607.34	0.014566
607.84	0.014527
608.34	0.014499
608.85	0.014494
609.35	0.014512
609.86	0.01449
610.36	0.014445
610.86	0.014468
611.37	0.014452
611.87	0.014431
612.38	0.014303
612.88	0.014405
613.38	0.014357
613.89	0.01436
614.39	0.01431
614.9	0.014287
615.4	0.01429
615.9	0.014241
616.41	0.014295
616.91	0.014255
617.42	0.014174
617.92	0.014245
618.42	0.014261
618.93	0.014134
619.43	0.014136
619.94	0.014077
620.44	0.014168
620.94	0.014055
621.45	0.0141
621.95	0.014054
622.46	0.013956
622.96	0.01399
623.46	0.013973
623.97	0.013929
624.47	0.013917
624.98	0.013902
625.48	0.01389
625.98	0.013844
626.49	0.013853
626.99	0.013871
627.5	0.01378
628	0.013766
628.5	0.013763
629.01	0.013791
629.51	0.013806
630.02	0.013748
630.52	0.013741
631.02	0.013731
631.53	0.013721
632.03	0.013681
632.54	0.013731
633.04	0.01364
633.54	0.013671
634.05	0.013638
634.55	0.01365
635.06	0.01362
635.56	0.013566
636.06	0.013629
636.57	0.013652
637.07	0.013577
637.58	0.013519
638.08	0.013521
638.58	0.013497
639.09	0.01351
639.59	0.013461
640.1	0.013487
640.6	0.013525
641.1	0.013528
641.61	0.013554
642.11	0.01351
642.62	0.013483
643.12	0.013457
643.62	0.013486
644.13	0.013428
644.63	0.013494
645.14	0.013498
645.64	0.013427
646.14	0.013526
646.65	0.013437
647.15	0.013505
647.66	0.013502
648.16	0.01355
648.66	0.013464
649.17	0.013466
649.67	0.01348
650.18	0.013433
650.68	0.013461
651.18	0.013375
651.69	0.013423
652.19	0.013374
652.7	0.013373
653.2	0.013385
653.7	0.013292
654.21	0.013317
654.71	0.013301
655.22	0.013326
655.72	0.01329
656.22	0.013238
656.73	0.013208
657.23	0.013274
657.74	0.013226
658.24	0.013199
658.74	0.013196
659.25	0.013142
659.75	0.013109
660.26	0.013115
660.76	0.013004
661.26	0.013109
661.77	0.013086
662.27	0.013021
662.78	0.012999
663.28	0.012949
663.78	0.013029
664.29	0.012995
664.79	0.013036
665.3	0.012984
665.8	0.01295
666.3	0.012946
666.81	0.01294
667.31	0.012911
667.82	0.012917
668.32	0.012922
668.82	0.012804
669.33	0.012895
669.83	0.01274
670.34	0.012735
670.84	0.012762
671.34	0.012726
671.85	0.012589
672.35	0.012669
672.86	0.012593
673.36	0.012475
673.86	0.012558
674.37	0.012538
674.87	0.012613
675.38	0.012531
675.88	0.012392
676.38	0.01241
676.89	0.01238
677.39	0.012363
677.9	0.01237
678.4	0.01231
678.9	0.012267
679.41	0.012356
679.91	0.012292
680.42	0.01222
680.92	0.012153
681.42	0.012213
681.93	0.012253
682.43	0.01222
682.94	0.012188
683.44	0.01207
683.94	0.012106
684.45	0.012056
684.95	0.011947
685.46	0.011986
685.96	0.011964
686.46	0.011929
686.97	0.011961
687.47	0.011812
687.98	0.011812
688.48	0.011775
688.98	0.011845
689.49	0.011652
689.99	0.011744
690.5	0.011615
691	0.01173
691.5	0.011691
692.01	0.011498
692.51	0.011378
693.02	0.01134
693.52	0.01128
694.02	0.011266
694.53	0.011288
695.03	0.011083
695.54	0.011177
696.04	0.01079
696.54	0.010964
697.05	0.011046
697.55	0.01092
698.06	0.010751
698.56	0.010661
699.06	0.010627
699.57	0.010577
700.07	0.010706
700.58	0.010745
701.08	0.010469
701.58	0.010498
702.09	0.010486
702.59	0.010428
703.1	0.010378
703.6	0.010258
704.1	0.010272
704.61	0.010334
705.11	0.010263
705.62	0.01015
706.12	0.010264
706.62	0.010142
707.13	0.0099069
707.63	0.010086
708.14	0.0099625
708.64	0.0098472
709.14	0.0097311
709.65	0.009942
710.15	0.0099214
710.66	0.0095866
711.16	0.0095699
711.66	0.0095164
712.17	0.0094837
712.67	0.0093157
713.18	0.0093216
713.68	0.0093464
714.18	0.0092245
714.69	0.0091673
715.19	0.0091794
715.7	0.0089701
716.2	0.0086917
716.7	0.0085934
717.21	0.0085742
717.71	0.0083459
718.22	0.0082782
718.72	0.0084707
719.22	0.0081891
719.73	0.0082312
720.23	0.007848
720.74	0.0077454
721.24	0.0076898
721.74	0.0074032
722.25	0.0075271
722.75	0.0073095
723.26	0.0071689
723.76	0.0070682
724.26	0.0068526
724.77	0.0068167
725.27	0.0070852
725.78	0.0066623
726.28	0.0067594
726.78	0.0065106
727.29	0.0062304
727.79	0.0061362
728.3	0.0063999
728.8	0.0059522
729.3	0.0059569
729.81	0.0059007
730.31	0.0058277
730.82	0.0056176
731.32	0.0054295
731.82	0.005459
732.33	0.0050931
732.83	0.0055605
733.34	0.0052741
733.84	0.0051039
734.34	0.0050149
734.85	0.004695
735.35	0.0050183
735.86	0.0046101
736.36	0.0051458
736.86	0.004616
737.37	0.0046209
737.87	0.0042724
738.38	0.0044172
738.88	0.0046255
739.38	0.0041583
739.89	0.0040473
740.39	0.0041989
740.9	0.0037589
741.4	0.0037932
741.9	0.0042588
742.41	0.0039036
742.91	0.0039372
743.42	0.0036325
743.92	0.0033576
744.42	0.0033842
744.93	0.0034291
745.43	0.0035888
745.94	0.0031032
746.44	0.0036362
746.94	0.0032642
747.45	0.003576
747.95	0.0028851
748.46	0.0025892
748.96	0.0026912
749.46	0.0027644
749.97	0.0027993
750.47	0.0026379
750.98	0.0024599
751.48	0.0025518
751.98	0.0024068
752.49	0.0021674
752.99	0.0014325
753.5	0.0020273
754	0.0023578
754.5	0.001352
755.01	0.0021094
755.51	0.0016817
756.02	0.0012962
756.52	0.0011842
757.02	0.0011486
757.53	0.001014
758.03	0.00083017
758.54	0.0011977
759.04	0.00061065
759.54	0.00075431
760.05	0.00087847
760.55	0.00056239
761.06	0.00090502
761.56	0.00036178
762.06	5.3465e-05
762.57	-6.5644e-05
763.07	-3.3043e-05
763.58	-1.1153e-05
764.08	-0.00091486
764.58	-0.00085628
765.09	-0.0006814
765.59	-0.00053846
766.1	-0.0010246
766.6	-0.00089623
767.1	-0.00176
767.61	-0.0014711
768.11	-0.0017719
768.62	-0.0019053
769.12	-0.0021513
