376.5	0.037282
377.01	0.038691
377.51	0.037211
378.02	0.036785
378.52	0.03439
379.02	0.032923
379.53	0.03407
380.03	0.031066
380.54	0.02981
381.04	0.031424
381.54	0.031096
382.05	0.030889
382.55	0.029645
383.06	0.029455
383.56	0.028436
384.06	0.027741
384.57	0.026811
385.07	0.026688
385.58	0.026025
386.08	0.026028
386.58	0.025949
387.09	0.025357
387.59	0.024371
388.1	0.022861
388.6	0.023485
389.1	0.024233
389.61	0.023131
390.11	0.02261
390.62	0.021782
391.12	0.02073
391.62	0.0216
392.13	0.021184
392.63	0.020999
393.14	0.020248
393.64	0.020271
394.14	0.019489
394.65	0.020015
395.15	0.01933
395.66	0.01959
396.16	0.01902
396.66	0.017927
397.17	0.018763
397.67	0.018287
398.18	0.018015
398.68	0.017882
399.18	0.017439
399.69	0.017822
400.19	0.017742
400.7	0.017217
401.2	0.017472
401.7	0.017061
402.21	0.016735
402.71	0.017518
403.22	0.017333
403.72	0.017251
404.22	0.01772
404.73	0.017653
405.23	0.017281
405.74	0.017655
406.24	0.017718
406.74	0.017178
407.25	0.017205
407.75	0.017239
408.26	0.017713
408.76	0.017535
409.26	0.017767
409.77	0.018176
410.27	0.017483
410.78	0.018152
411.28	0.018296
411.78	0.018362
412.29	0.018194
412.79	0.018692
413.3	0.0185
413.8	0.018461
414.3	0.018397
414.81	0.018602
415.31	0.018702
415.82	0.018617
416.32	0.018775
416.82	0.019071
417.33	0.018747
417.83	0.018704
418.34	0.018653
418.84	0.018712
419.34	0.018766
419.85	0.018974
420.35	0.018708
420.86	0.018941
421.36	0.018672
421.86	0.01847
422.37	0.018931
422.87	0.019028
423.38	0.01852
423.88	0.018433
424.38	0.018866
424.89	0.018521
425.39	0.018717
425.9	0.018603
426.4	0.018429
426.9	0.018725
427.41	0.018509
427.91	0.01834
428.42	0.018228
428.92	0.018292
429.42	0.018303
429.93	0.018471
430.43	0.018466
430.94	0.018153
431.44	0.018256
431.94	0.018192
432.45	0.018139
432.95	0.018109
433.46	0.018362
433.96	0.018324
434.46	0.018258
434.97	0.018297
435.47	0.018232
435.98	0.018256
436.48	0.018356
436.98	0.018355
437.49	0.018519
437.99	0.01849
438.5	0.018439
439	0.018496
439.5	0.018639
440.01	0.018801
440.51	0.018418
441.02	0.018504
441.52	0.018532
442.02	0.018606
442.53	0.018435
443.03	0.018376
443.54	0.018433
444.04	0.018624
444.54	0.018494
445.05	0.018505
445.55	0.018526
446.06	0.018297
446.56	0.018356
447.06	0.018472
447.57	0.018562
448.07	0.018506
448.58	0.018354
449.08	0.018474
449.58	0.018432
450.09	0.018361
450.59	0.018368
451.1	0.018435
451.6	0.018395
452.1	0.018268
452.61	0.018338
453.11	0.018253
453.62	0.018198
454.12	0.018374
454.62	0.018265
455.13	0.018098
455.63	0.018202
456.14	0.018133
456.64	0.018282
457.14	0.018194
457.65	0.018085
458.15	0.018258
458.66	0.018222
459.16	0.018153
459.66	0.018177
460.17	0.017985
460.67	0.018077
461.18	0.018096
461.68	0.018141
462.18	0.01805
462.69	0.018083
463.19	0.01804
463.7	0.018177
464.2	0.018009
464.7	0.017935
465.21	0.017978
465.71	0.017924
466.22	0.018056
466.72	0.017853
467.22	0.018091
467.73	0.017945
468.23	0.017991
468.74	0.017857
469.24	0.01795
469.74	0.017897
470.25	0.017832
470.75	0.017864
471.26	0.017833
471.76	0.017728
472.26	0.017811
472.77	0.017713
473.27	0.017744
473.78	0.01779
474.28	0.017627
474.78	0.017673
475.29	0.017678
475.79	0.01766
476.3	0.017674
476.8	0.017632
477.3	0.017574
477.81	0.017629
478.31	0.017513
478.82	0.017649
479.32	0.017583
479.82	0.017665
480.33	0.017568
480.83	0.017522
481.34	0.017491
481.84	0.017457
482.34	0.017444
482.85	0.017536
483.35	0.017512
483.86	0.017415
484.36	0.017484
484.86	0.017558
485.37	0.017478
485.87	0.017438
486.38	0.017439
486.88	0.017456
487.38	0.017399
487.89	0.017403
488.39	0.01738
488.9	0.017458
489.4	0.017354
489.9	0.017392
490.41	0.017438
490.91	0.017378
491.42	0.017439
491.92	0.017471
492.42	0.017334
492.93	0.01735
493.43	0.017384
493.94	0.01732
494.44	0.017253
494.94	0.017322
495.45	0.017198
495.95	0.017268
496.46	0.017204
496.96	0.017181
497.46	0.017124
497.97	0.017163
498.47	0.017067
498.98	0.017083
499.48	0.016992
499.98	0.016981
500.49	0.016989
500.99	0.016849
501.5	0.016874
502	0.016885
502.5	0.01682
503.01	0.016847
503.51	0.016785
504.02	0.016745
504.52	0.016731
505.02	0.016796
505.53	0.016752
506.03	0.01675
506.54	0.016655
507.04	0.016627
507.54	0.016656
508.05	0.016605
508.55	0.016604
509.06	0.016633
509.56	0.016585
510.06	0.01654
510.57	0.016522
511.07	0.016523
511.58	0.016492
512.08	0.016487
512.58	0.016447
513.09	0.016459
513.59	0.016442
514.1	0.01645
514.6	0.016454
515.1	0.016446
515.61	0.016451
516.11	0.016413
516.62	0.016352
517.12	0.016388
517.62	0.016376
518.13	0.016314
518.63	0.016317
519.14	0.016363
519.64	0.016308
520.14	0.016291
520.65	0.016254
521.15	0.016279
521.66	0.016253
522.16	0.016212
522.66	0.016193
523.17	0.016209
523.67	0.016207
524.18	0.016193
524.68	0.016189
525.18	0.016165
525.69	0.016154
526.19	0.016104
526.7	0.016151
527.2	0.016165
527.7	0.016139
528.21	0.016127
528.71	0.016095
529.22	0.016059
529.72	0.016114
530.22	0.01614
530.73	0.01604
531.23	0.01607
531.74	0.016064
532.24	0.016
532.74	0.016035
533.25	0.016033
533.75	0.016003
534.26	0.015963
534.76	0.015988
535.26	0.015929
535.77	0.015882
536.27	0.015927
536.78	0.015976
537.28	0.015894
537.78	0.015846
538.29	0.015914
538.79	0.015912
539.3	0.015776
539.8	0.015843
540.3	0.015863
540.81	0.015829
541.31	0.015842
541.82	0.01579
542.32	0.015764
542.82	0.01575
543.33	0.015801
543.83	0.015717
544.34	0.015741
544.84	0.015668
545.34	0.015699
545.85	0.015684
546.35	0.015692
546.86	0.015657
547.36	0.015691
547.86	0.015636
548.37	0.015647
548.87	0.015688
549.38	0.015666
549.88	0.015634
550.38	0.015578
550.89	0.015609
551.39	0.015547
551.9	0.015555
552.4	0.015574
552.9	0.01558
553.41	0.015546
553.91	0.015476
554.42	0.015473
554.92	0.015526
555.42	0.015476
555.93	0.015451
556.43	0.015486
556.94	0.01543
557.44	0.015463
557.94	0.015461
558.45	0.015415
558.95	0.015389
559.46	0.01542
559.96	0.015288
560.46	0.015325
560.97	0.015316
561.47	0.015336
561.98	0.015358
562.48	0.015361
562.98	0.015249
563.49	0.015298
563.99	0.015301
564.5	0.015341
565	0.015335
565.5	0.015266
566.01	0.015277
566.51	0.015265
567.02	0.015223
567.52	0.01524
568.02	0.015237
568.53	0.015278
569.03	0.015235
569.54	0.015202
570.04	0.015219
570.54	0.015212
571.05	0.015207
571.55	0.01515
572.06	0.015147
572.56	0.015138
573.06	0.015138
573.57	0.015151
574.07	0.015129
574.58	0.015124
575.08	0.015108
575.58	0.015101
576.09	0.015163
576.59	0.015045
577.1	0.01511
577.6	0.015041
578.1	0.015036
578.61	0.015023
579.11	0.014991
579.62	0.015073
580.12	0.015016
580.62	0.014997
581.13	0.015014
581.63	0.015005
582.14	0.01496
582.64	0.015036
583.14	0.014961
583.65	0.014975
584.15	0.014949
584.66	0.014899
585.16	0.014958
585.66	0.014954
586.17	0.014855
586.67	0.014976
587.18	0.014927
587.68	0.014896
588.18	0.014904
588.69	0.01489
589.19	0.014868
589.7	0.014836
590.2	0.014834
590.7	0.014786
591.21	0.014753
591.71	0.014778
592.22	0.014735
592.72	0.014762
593.22	0.014685
593.73	0.014691
594.23	0.014741
594.74	0.014678
595.24	0.014648
595.74	0.01474
596.25	0.014628
596.75	0.014661
597.26	0.014667
597.76	0.014645
598.26	0.014617
598.77	0.014591
599.27	0.014558
599.78	0.014551
600.28	0.014533
600.78	0.014553
601.29	0.014506
601.79	0.014497
602.3	0.014508
602.8	0.014492
603.3	0.014459
603.81	0.014465
604.31	0.014471
604.82	0.014412
605.32	0.014442
605.82	0.014415
606.33	0.014423
606.83	0.01438
607.34	0.014414
607.84	0.014369
608.34	0.014353
608.85	0.014383
609.35	0.014388
609.86	0.014365
610.36	0.014293
610.86	0.014314
611.37	0.014299
611.87	0.014308
612.38	0.014247
612.88	0.014229
613.38	0.014233
613.89	0.014217
614.39	0.01415
614.9	0.014166
615.4	0.014203
615.9	0.014093
616.41	0.014191
616.91	0.014095
617.42	0.014071
617.92	0.014143
618.42	0.01407
618.93	0.014007
619.43	0.014012
619.94	0.013983
620.44	0.014022
620.94	0.013936
621.45	0.013959
621.95	0.013975
622.46	0.013935
622.96	0.013815
623.46	0.013862
623.97	0.013815
624.47	0.013803
624.98	0.013776
625.48	0.013773
625.98	0.013727
626.49	0.013661
626.99	0.013733
627.5	0.013711
628	0.013711
628.5	0.013699
629.01	0.013637
629.51	0.013718
630.02	0.013666
630.52	0.013626
631.02	0.013654
631.53	0.013595
632.03	0.013533
632.54	0.013577
633.04	0.01357
633.54	0.013589
634.05	0.013522
634.55	0.013547
635.06	0.013534
635.56	0.013497
636.06	0.0135
636.57	0.013536
637.07	0.013484
637.58	0.01342
638.08	0.013455
638.58	0.013444
639.09	0.013475
639.59	0.013395
640.1	0.013449
640.6	0.01348
641.1	0.013443
641.61	0.013452
642.11	0.013418
642.62	0.013388
643.12	0.013368
643.62	0.013378
644.13	0.013432
644.63	0.013399
645.14	0.013452
645.64	0.013394
646.14	0.013407
646.65	0.013408
647.15	0.013442
647.66	0.013408
648.16	0.013415
648.66	0.013406
649.17	0.013457
649.67	0.013441
650.18	0.013347
650.68	0.013409
651.18	0.013324
651.69	0.013414
652.19	0.013341
652.7	0.013272
653.2	0.01328
653.7	0.013272
654.21	0.013271
654.71	0.013224
655.22	0.013313
655.72	0.013253
656.22	0.013239
656.73	0.013175
657.23	0.0132
657.74	0.013189
658.24	0.013168
658.74	0.013201
659.25	0.01309
659.75	0.013085
660.26	0.01309
660.76	0.013006
661.26	0.013028
661.77	0.013081
662.27	0.013033
662.78	0.012993
663.28	0.013031
663.78	0.013088
664.29	0.013047
664.79	0.012994
665.3	0.012971
665.8	0.012991
666.3	0.01298
666.81	0.013026
667.31	0.013012
667.82	0.012964
668.32	0.012899
668.82	0.012908
669.33	0.01296
669.83	0.012819
670.34	0.012839
670.84	0.01282
671.34	0.012776
671.85	0.012771
672.35	0.012773
672.86	0.012773
673.36	0.012667
673.86	0.012681
674.37	0.012577
674.87	0.012604
675.38	0.012633
675.88	0.012657
676.38	0.012568
676.89	0.012486
677.39	0.012604
677.9	0.012602
678.4	0.012423
678.9	0.012435
679.41	0.012499
679.91	0.012448
680.42	0.012373
680.92	0.012405
681.42	0.012384
681.93	0.012352
682.43	0.012274
682.94	0.012269
683.44	0.012253
683.94	0.012264
684.45	0.012168
684.95	0.012175
685.46	0.012241
685.96	0.012169
686.46	0.012104
686.97	0.012207
687.47	0.012188
687.98	0.012058
688.48	0.011975
688.98	0.012012
689.49	0.011939
689.99	0.012011
690.5	0.011838
691	0.011915
691.5	0.011981
692.01	0.011905
692.51	0.011784
693.02	0.011604
693.52	0.011668
694.02	0.011608
694.53	0.011621
695.03	0.011532
695.54	0.01159
696.04	0.011375
696.54	0.011389
697.05	0.011392
697.55	0.011239
698.06	0.011277
698.56	0.01121
699.06	0.011284
699.57	0.011154
700.07	0.011288
700.58	0.011215
701.08	0.010935
701.58	0.010966
702.09	0.01103
702.59	0.010985
703.1	0.010961
703.6	0.010761
704.1	0.010944
704.61	0.010814
705.11	0.010884
705.62	0.010936
706.12	0.010715
706.62	0.010902
707.13	0.010699
707.63	0.010641
708.14	0.010669
708.64	0.010742
709.14	0.010566
709.65	0.010806
710.15	0.010761
710.66	0.010659
711.16	0.010446
711.66	0.01045
712.17	0.010329
712.67	0.010274
713.18	0.010228
713.68	0.010267
714.18	0.010314
714.69	0.010276
715.19	0.010096
715.7	0.010213
716.2	0.009911
716.7	0.0098577
717.21	0.010006
717.71	0.0094763
718.22	0.0096744
718.72	0.010043
719.22	0.009661
719.73	0.0095018
720.23	0.0091222
720.74	0.0094269
721.24	0.0092947
721.74	0.0090659
722.25	0.0090556
722.75	0.008827
723.26	0.0086707
723.76	0.0085942
724.26	0.008744
724.77	0.0085688
725.27	0.0086069
725.78	0.0084658
726.28	0.0084774
726.78	0.0083532
727.29	0.0082656
727.79	0.0079155
728.3	0.0080783
728.8	0.0079348
729.3	0.0077768
729.81	0.0079383
730.31	0.0075007
730.82	0.0074854
731.32	0.0073455
731.82	0.0075153
732.33	0.0071908
732.83	0.0075147
733.34	0.0071512
733.84	0.0071672
734.34	0.0071281
734.85	0.006829
735.35	0.0072354
735.86	0.0067236
736.36	0.007015
736.86	0.0065661
737.37	0.006688
737.87	0.0062839
738.38	0.0063993
738.88	0.0065771
739.38	0.0065562
739.89	0.0063503
740.39	0.0062019
740.9	0.0059132
741.4	0.0060282
741.9	0.0061552
742.41	0.0060759
742.91	0.0061164
743.42	0.0061126
743.92	0.0057169
744.42	0.005756
744.93	0.0057433
745.43	0.0057649
745.94	0.0054559
746.44	0.0057635
746.94	0.0055149
747.45	0.0058802
747.95	0.0051307
748.46	0.0054653
748.96	0.0051862
749.46	0.005513
749.97	0.005751
750.47	0.0052839
750.98	0.005035
751.48	0.0050786
751.98	0.0055205
752.49	0.0049002
752.99	0.0043062
753.5	0.004862
754	0.005008
754.5	0.0045786
755.01	0.0046643
755.51	0.0046015
756.02	0.0048211
756.52	0.0043767
757.02	0.0047761
757.53	0.0051956
758.03	0.0044438
758.54	0.0043551
759.04	0.0044247
759.54	0.0041079
760.05	0.0052299
760.55	0.0042596
761.06	0.0043357
761.56	0.0044371
762.06	0.0040313
762.57	0.0039386
763.07	0.0045159
763.58	0.0039706
764.08	0.003874
764.58	0.0040074
765.09	0.0042963
765.59	0.004296
766.1	0.003863
766.6	0.0041346
767.1	0.0035319
767.61	0.0038618
768.11	0.0040975
768.62	0.0038733
769.12	0.003271
