376.5	0.034631
377.01	0.03621
377.51	0.031833
378.02	0.033949
378.52	0.032198
379.02	0.032943
379.53	0.033279
380.03	0.031374
380.54	0.029846
381.04	0.032039
381.54	0.030369
382.05	0.02998
382.55	0.029529
383.06	0.028528
383.56	0.027891
384.06	0.028715
384.57	0.026473
385.07	0.027276
385.58	0.025651
386.08	0.024885
386.58	0.024955
387.09	0.025047
387.59	0.023785
388.1	0.023011
388.6	0.023512
389.1	0.023838
389.61	0.023314
390.11	0.022482
390.62	0.022328
391.12	0.020804
391.62	0.02126
392.13	0.02043
392.63	0.020952
393.14	0.019939
393.64	0.020158
394.14	0.0195
394.65	0.019603
395.15	0.018959
395.66	0.019235
396.16	0.018622
396.66	0.017697
397.17	0.017875
397.67	0.017735
398.18	0.017567
398.68	0.017116
399.18	0.016882
399.69	0.017389
400.19	0.017042
400.7	0.016669
401.2	0.017481
401.7	0.017103
402.21	0.016098
402.71	0.017657
403.22	0.016804
403.72	0.016779
404.22	0.017223
404.73	0.017843
405.23	0.017169
405.74	0.01764
406.24	0.017365
406.74	0.016758
407.25	0.017115
407.75	0.017219
408.26	0.017404
408.76	0.017376
409.26	0.017897
409.77	0.017793
410.27	0.017728
410.78	0.017856
411.28	0.018222
411.78	0.018158
412.29	0.018523
412.79	0.018507
413.3	0.018563
413.8	0.018663
414.3	0.018194
414.81	0.018407
415.31	0.018686
415.82	0.01858
416.32	0.018564
416.82	0.018955
417.33	0.018637
417.83	0.018664
418.34	0.019011
418.84	0.018684
419.34	0.018892
419.85	0.018974
420.35	0.018717
420.86	0.019173
421.36	0.018462
421.86	0.018811
422.37	0.018774
422.87	0.018999
423.38	0.018804
423.88	0.018956
424.38	0.018953
424.89	0.018867
425.39	0.018806
425.9	0.018679
426.4	0.018902
426.9	0.019095
427.41	0.018746
427.91	0.018693
428.42	0.018657
428.92	0.018646
429.42	0.018583
429.93	0.01845
430.43	0.018907
430.94	0.01853
431.44	0.018452
431.94	0.018581
432.45	0.018548
432.95	0.018472
433.46	0.018587
433.96	0.018595
434.46	0.018487
434.97	0.018727
435.47	0.018739
435.98	0.018696
436.48	0.018756
436.98	0.018784
437.49	0.018993
437.99	0.019032
438.5	0.018777
439	0.018762
439.5	0.019224
440.01	0.018992
440.51	0.019104
441.02	0.018927
441.52	0.018968
442.02	0.019121
442.53	0.018958
443.03	0.01896
443.54	0.018867
444.04	0.019107
444.54	0.018874
445.05	0.019112
445.55	0.019001
446.06	0.01891
446.56	0.018738
447.06	0.018979
447.57	0.019069
448.07	0.019027
448.58	0.018923
449.08	0.019054
449.58	0.018912
450.09	0.018851
450.59	0.018824
451.1	0.018933
451.6	0.018771
452.1	0.018863
452.61	0.018948
453.11	0.018764
453.62	0.018893
454.12	0.018815
454.62	0.018778
455.13	0.018699
455.63	0.018703
456.14	0.018732
456.64	0.018793
457.14	0.018723
457.65	0.018653
458.15	0.018828
458.66	0.018765
459.16	0.018612
459.66	0.018616
460.17	0.018589
460.67	0.018657
461.18	0.018642
461.68	0.018629
462.18	0.018576
462.69	0.018613
463.19	0.018561
463.7	0.018739
464.2	0.018534
464.7	0.018473
465.21	0.018442
465.71	0.018414
466.22	0.01848
466.72	0.01836
467.22	0.018427
467.73	0.018425
468.23	0.018418
468.74	0.018314
469.24	0.018371
469.74	0.018317
470.25	0.018271
470.75	0.018327
471.26	0.018307
471.76	0.018264
472.26	0.018309
472.77	0.01822
473.27	0.018276
473.78	0.018339
474.28	0.018192
474.78	0.018218
475.29	0.018246
475.79	0.018272
476.3	0.01826
476.8	0.018186
477.3	0.018214
477.81	0.018209
478.31	0.018121
478.82	0.01821
479.32	0.018143
479.82	0.018225
480.33	0.018091
480.83	0.018156
481.34	0.018086
481.84	0.018103
482.34	0.018095
482.85	0.018201
483.35	0.01807
483.86	0.018072
484.36	0.018119
484.86	0.018185
485.37	0.018079
485.87	0.018099
486.38	0.018026
486.88	0.018044
487.38	0.017981
487.89	0.017969
488.39	0.017995
488.9	0.018023
489.4	0.017937
489.9	0.017934
490.41	0.018029
490.91	0.017875
491.42	0.017942
491.92	0.017921
492.42	0.017851
492.93	0.017871
493.43	0.017907
493.94	0.017787
494.44	0.017705
494.94	0.017809
495.45	0.017702
495.95	0.017711
496.46	0.017641
496.96	0.017611
497.46	0.01758
497.97	0.017593
498.47	0.017539
498.98	0.017553
499.48	0.017483
499.98	0.017494
500.49	0.017413
500.99	0.017344
501.5	0.017329
502	0.017394
502.5	0.017287
503.01	0.017268
503.51	0.017251
504.02	0.017266
504.52	0.017238
505.02	0.017293
505.53	0.017271
506.03	0.017256
506.54	0.017155
507.04	0.01724
507.54	0.017172
508.05	0.017172
508.55	0.017205
509.06	0.017215
509.56	0.017137
510.06	0.017086
510.57	0.017109
511.07	0.01713
511.58	0.017032
512.08	0.017015
512.58	0.016956
513.09	0.017015
513.59	0.017022
514.1	0.016969
514.6	0.017008
515.1	0.016974
515.61	0.017032
516.11	0.016934
516.62	0.016926
517.12	0.016912
517.62	0.016937
518.13	0.016914
518.63	0.016853
519.14	0.016917
519.64	0.01682
520.14	0.016795
520.65	0.016764
521.15	0.016825
521.66	0.016848
522.16	0.01677
522.66	0.016777
523.17	0.016807
523.67	0.016772
524.18	0.01678
524.68	0.016834
525.18	0.016772
525.69	0.016761
526.19	0.016761
526.7	0.016735
527.2	0.016782
527.7	0.016747
528.21	0.016696
528.71	0.016724
529.22	0.016702
529.72	0.016648
530.22	0.016731
530.73	0.016622
531.23	0.016628
531.74	0.016647
532.24	0.016573
532.74	0.016575
533.25	0.016544
533.75	0.016511
534.26	0.016558
534.76	0.016506
535.26	0.016478
535.77	0.016494
536.27	0.016461
536.78	0.016471
537.28	0.016412
537.78	0.016416
538.29	0.016389
538.79	0.01644
539.3	0.016343
539.8	0.016362
540.3	0.016374
540.81	0.016367
541.31	0.016305
541.82	0.016298
542.32	0.016306
542.82	0.01629
543.33	0.016293
543.83	0.016274
544.34	0.016247
544.84	0.016171
545.34	0.016221
545.85	0.016175
546.35	0.016193
546.86	0.016166
547.36	0.016169
547.86	0.016134
548.37	0.016152
548.87	0.01621
549.38	0.016175
549.88	0.016123
550.38	0.016102
550.89	0.016122
551.39	0.016104
551.9	0.01608
552.4	0.016093
552.9	0.01602
553.41	0.016047
553.91	0.015995
554.42	0.015985
554.92	0.016004
555.42	0.015974
555.93	0.01596
556.43	0.015978
556.94	0.01598
557.44	0.01596
557.94	0.016004
558.45	0.015901
558.95	0.015887
559.46	0.015899
559.96	0.015814
560.46	0.015879
560.97	0.015823
561.47	0.015869
561.98	0.015878
562.48	0.015821
562.98	0.015766
563.49	0.015817
563.99	0.015802
564.5	0.015813
565	0.015772
565.5	0.015729
566.01	0.01577
566.51	0.01577
567.02	0.015759
567.52	0.015785
568.02	0.015746
568.53	0.015715
569.03	0.015703
569.54	0.015713
570.04	0.015709
570.54	0.015733
571.05	0.015669
571.55	0.015617
572.06	0.015654
572.56	0.015619
573.06	0.015646
573.57	0.015584
574.07	0.015593
574.58	0.015626
575.08	0.015575
575.58	0.015596
576.09	0.015593
576.59	0.015502
577.1	0.015565
577.6	0.015556
578.1	0.015525
578.61	0.015519
579.11	0.015457
579.62	0.015578
580.12	0.015505
580.62	0.015445
581.13	0.015462
581.63	0.015512
582.14	0.015454
582.64	0.015506
583.14	0.015464
583.65	0.015458
584.15	0.01542
584.66	0.015388
585.16	0.015402
585.66	0.01539
586.17	0.015322
586.67	0.015433
587.18	0.015325
587.68	0.015331
588.18	0.015356
588.69	0.015321
589.19	0.015317
589.7	0.015368
590.2	0.015269
590.7	0.015277
591.21	0.015232
591.71	0.015249
592.22	0.015211
592.72	0.01523
593.22	0.015162
593.73	0.015231
594.23	0.015184
594.74	0.015206
595.24	0.015139
595.74	0.015202
596.25	0.01515
596.75	0.0151
597.26	0.015087
597.76	0.015133
598.26	0.01508
598.77	0.015094
599.27	0.015024
599.78	0.015061
600.28	0.015085
600.78	0.015056
601.29	0.015003
601.79	0.014963
602.3	0.014999
602.8	0.01496
603.3	0.014962
603.81	0.014912
604.31	0.014936
604.82	0.014914
605.32	0.014952
605.82	0.014916
606.33	0.014895
606.83	0.014842
607.34	0.014864
607.84	0.014887
608.34	0.014794
608.85	0.014831
609.35	0.014819
609.86	0.01481
610.36	0.014751
610.86	0.014818
611.37	0.01478
611.87	0.014747
612.38	0.014685
612.88	0.014739
613.38	0.01468
613.89	0.014648
614.39	0.01464
614.9	0.014644
615.4	0.014615
615.9	0.014574
616.41	0.014632
616.91	0.01455
617.42	0.014534
617.92	0.014595
618.42	0.014526
618.93	0.014482
619.43	0.014439
619.94	0.014442
620.44	0.014476
620.94	0.014389
621.45	0.0144
621.95	0.014408
622.46	0.014367
622.96	0.014312
623.46	0.014315
623.97	0.014272
624.47	0.014252
624.98	0.014243
625.48	0.014177
625.98	0.014195
626.49	0.014152
626.99	0.014173
627.5	0.014126
628	0.014138
628.5	0.014109
629.01	0.014116
629.51	0.014106
630.02	0.014074
630.52	0.014035
631.02	0.014028
631.53	0.014025
632.03	0.013978
632.54	0.014019
633.04	0.013979
633.54	0.013993
634.05	0.013942
634.55	0.013978
635.06	0.013941
635.56	0.013887
636.06	0.01391
636.57	0.013923
637.07	0.013875
637.58	0.013801
638.08	0.013814
638.58	0.013801
639.09	0.013834
639.59	0.013796
640.1	0.013779
640.6	0.013842
641.1	0.013766
641.61	0.013837
642.11	0.013778
642.62	0.013781
643.12	0.013729
643.62	0.013702
644.13	0.013768
644.63	0.013735
645.14	0.013784
645.64	0.013752
646.14	0.013734
646.65	0.013763
647.15	0.013757
647.66	0.013764
648.16	0.01373
648.66	0.01374
649.17	0.013762
649.67	0.013769
650.18	0.013678
650.68	0.013735
651.18	0.013699
651.69	0.01373
652.19	0.013671
652.7	0.013654
653.2	0.013678
653.7	0.013654
654.21	0.013661
654.71	0.013639
655.22	0.013618
655.72	0.013649
656.22	0.013633
656.73	0.013569
657.23	0.013542
657.74	0.013573
658.24	0.013543
658.74	0.013574
659.25	0.013458
659.75	0.013464
660.26	0.013465
660.76	0.013332
661.26	0.013418
661.77	0.013401
662.27	0.013416
662.78	0.013379
663.28	0.013355
663.78	0.01343
664.29	0.013433
664.79	0.013372
665.3	0.01338
665.8	0.013354
666.3	0.01332
666.81	0.013459
667.31	0.013362
667.82	0.013385
668.32	0.013335
668.82	0.013241
669.33	0.013325
669.83	0.013253
670.34	0.013202
670.84	0.013239
671.34	0.013177
671.85	0.013171
672.35	0.013151
672.86	0.01321
673.36	0.0131
673.86	0.013036
674.37	0.013058
674.87	0.013022
675.38	0.012992
675.88	0.012931
676.38	0.012851
676.89	0.013008
677.39	0.012943
677.9	0.012898
678.4	0.012862
678.9	0.012865
679.41	0.012935
679.91	0.012846
680.42	0.012728
680.92	0.012807
681.42	0.012767
681.93	0.012822
682.43	0.012729
682.94	0.012647
683.44	0.012694
683.94	0.012763
684.45	0.012625
684.95	0.012603
685.46	0.012653
685.96	0.012719
686.46	0.01246
686.97	0.012662
687.47	0.012644
687.98	0.012682
688.48	0.012416
688.98	0.012471
689.49	0.01242
689.99	0.012402
690.5	0.012324
691	0.012495
691.5	0.012407
692.01	0.012301
692.51	0.012243
693.02	0.012236
693.52	0.012168
694.02	0.012156
694.53	0.012108
695.03	0.012046
695.54	0.012102
696.04	0.011788
696.54	0.011823
697.05	0.0119
697.55	0.011847
698.06	0.01169
698.56	0.011634
699.06	0.011589
699.57	0.011625
700.07	0.011544
700.58	0.011665
701.08	0.011391
701.58	0.011333
702.09	0.011357
702.59	0.01145
703.1	0.011269
703.6	0.011195
704.1	0.011286
704.61	0.011283
705.11	0.011199
705.62	0.011134
706.12	0.011242
706.62	0.011074
707.13	0.011198
707.63	0.011198
708.14	0.010939
708.64	0.011132
709.14	0.01095
709.65	0.011053
710.15	0.011035
710.66	0.010774
711.16	0.010945
711.66	0.010915
712.17	0.010759
712.67	0.010665
713.18	0.010741
713.68	0.010788
714.18	0.010657
714.69	0.010644
715.19	0.010548
715.7	0.01057
716.2	0.01028
716.7	0.010377
717.21	0.010267
717.71	0.010245
718.22	0.01015
718.72	0.01017
719.22	0.010066
719.73	0.010286
720.23	0.0097032
720.74	0.009919
721.24	0.0097697
721.74	0.0097638
722.25	0.0099199
722.75	0.0093942
723.26	0.0093738
723.76	0.0094346
724.26	0.0094691
724.77	0.0092553
725.27	0.0092238
725.78	0.0093717
726.28	0.009349
726.78	0.0090479
727.29	0.0089239
727.79	0.0087834
728.3	0.0089484
728.8	0.0086002
729.3	0.0088305
729.81	0.0086898
730.31	0.0083933
730.82	0.0082648
731.32	0.0082191
731.82	0.0082105
732.33	0.007771
732.83	0.0081997
733.34	0.007952
733.84	0.007886
734.34	0.0079797
734.85	0.0074693
735.35	0.0078411
735.86	0.0072601
736.36	0.0076992
736.86	0.0076144
737.37	0.0074266
737.87	0.0073332
738.38	0.0075286
738.88	0.0074485
739.38	0.0073818
739.89	0.0072409
740.39	0.007079
740.9	0.0066902
741.4	0.0068137
741.9	0.007126
742.41	0.0068132
742.91	0.0067915
743.42	0.0067798
743.92	0.0067084
744.42	0.0065396
744.93	0.0058625
745.43	0.0066211
745.94	0.0061848
746.44	0.0068087
746.94	0.0062527
747.45	0.0063814
747.95	0.0062954
748.46	0.0060157
748.96	0.0061199
749.46	0.0060675
749.97	0.0064648
750.47	0.0060248
750.98	0.0059153
751.48	0.0063128
751.98	0.0064883
752.49	0.0057911
752.99	0.0052814
753.5	0.0056782
754	0.0062312
754.5	0.0054529
755.01	0.0058463
755.51	0.0058674
756.02	0.0054459
756.52	0.005343
757.02	0.005561
757.53	0.0059102
758.03	0.0053228
758.54	0.0055824
759.04	0.0056561
759.54	0.0056573
760.05	0.006282
760.55	0.0053844
761.06	0.0054196
761.56	0.0051925
762.06	0.0048439
762.57	0.0054047
763.07	0.0057935
763.58	0.0053089
764.08	0.004755
764.58	0.0052633
765.09	0.0058438
765.59	0.005209
766.1	0.0050996
766.6	0.0054013
767.1	0.0049805
767.61	0.0049529
768.11	0.0055618
768.62	0.0053148
769.12	0.0043907
