376.5	0.031785
377.01	0.033964
377.51	0.030996
378.02	0.032991
378.52	0.030744
379.02	0.029994
379.53	0.031698
380.03	0.030268
380.54	0.029218
381.04	0.031284
381.54	0.028582
382.05	0.029458
382.55	0.027699
383.06	0.028301
383.56	0.028212
384.06	0.027065
384.57	0.026073
385.07	0.025889
385.58	0.024798
386.08	0.024755
386.58	0.025027
387.09	0.024159
387.59	0.023395
388.1	0.022425
388.6	0.023539
389.1	0.023311
389.61	0.022195
390.11	0.021675
390.62	0.021554
391.12	0.020534
391.62	0.020751
392.13	0.019808
392.63	0.01992
393.14	0.019161
393.64	0.019345
394.14	0.019379
394.65	0.01944
395.15	0.018492
395.66	0.018672
396.16	0.018234
396.66	0.017127
397.17	0.017964
397.67	0.017938
398.18	0.017129
398.68	0.017088
399.18	0.017366
399.69	0.017551
400.19	0.01706
400.7	0.016339
401.2	0.016769
401.7	0.016765
402.21	0.016156
402.71	0.017266
403.22	0.016508
403.72	0.016732
404.22	0.016874
404.73	0.017028
405.23	0.016967
405.74	0.017309
406.24	0.01712
406.74	0.016225
407.25	0.016718
407.75	0.016693
408.26	0.016995
408.76	0.016986
409.26	0.017702
409.77	0.017863
410.27	0.017017
410.78	0.017714
411.28	0.017808
411.78	0.017716
412.29	0.017924
412.79	0.018102
413.3	0.017943
413.8	0.0184
414.3	0.018331
414.81	0.018007
415.31	0.018201
415.82	0.018252
416.32	0.018477
416.82	0.018636
417.33	0.018672
417.83	0.018424
418.34	0.018474
418.84	0.018637
419.34	0.018822
419.85	0.018859
420.35	0.018654
420.86	0.018798
421.36	0.018352
421.86	0.01831
422.37	0.01863
422.87	0.018702
423.38	0.018367
423.88	0.018526
424.38	0.01873
424.89	0.018387
425.39	0.018558
425.9	0.018488
426.4	0.018605
426.9	0.018762
427.41	0.018406
427.91	0.018563
428.42	0.018196
428.92	0.018281
429.42	0.018341
429.93	0.018311
430.43	0.018436
430.94	0.018183
431.44	0.018315
431.94	0.018262
432.45	0.018469
432.95	0.01829
433.46	0.018485
433.96	0.018601
434.46	0.018171
434.97	0.018552
435.47	0.018493
435.98	0.018658
436.48	0.018547
436.98	0.018725
437.49	0.018594
437.99	0.018727
438.5	0.018799
439	0.018791
439.5	0.018925
440.01	0.018838
440.51	0.018919
441.02	0.018749
441.52	0.018874
442.02	0.018895
442.53	0.018808
443.03	0.018666
443.54	0.018697
444.04	0.018899
444.54	0.01897
445.05	0.018688
445.55	0.018844
446.06	0.018779
446.56	0.018794
447.06	0.018696
447.57	0.018803
448.07	0.018815
448.58	0.018872
449.08	0.018954
449.58	0.018801
450.09	0.018611
450.59	0.018775
451.1	0.018656
451.6	0.018765
452.1	0.018719
452.61	0.018702
453.11	0.018592
453.62	0.018692
454.12	0.018612
454.62	0.01875
455.13	0.018524
455.63	0.018547
456.14	0.018613
456.64	0.018757
457.14	0.018577
457.65	0.018514
458.15	0.018626
458.66	0.018679
459.16	0.018647
459.66	0.018537
460.17	0.018395
460.67	0.0185
461.18	0.018453
461.68	0.018527
462.18	0.01852
462.69	0.018436
463.19	0.018486
463.7	0.018616
464.2	0.01849
464.7	0.01839
465.21	0.0184
465.71	0.018346
466.22	0.018462
466.72	0.018301
467.22	0.018427
467.73	0.018471
468.23	0.018261
468.74	0.018283
469.24	0.018313
469.74	0.018302
470.25	0.018237
470.75	0.018223
471.26	0.01818
471.76	0.018119
472.26	0.01818
472.77	0.018162
473.27	0.018191
473.78	0.01825
474.28	0.018057
474.78	0.018144
475.29	0.018148
475.79	0.018103
476.3	0.018149
476.8	0.01805
477.3	0.018023
477.81	0.018091
478.31	0.017989
478.82	0.018075
479.32	0.018058
479.82	0.018121
480.33	0.018045
480.83	0.018063
481.34	0.017963
481.84	0.017908
482.34	0.017919
482.85	0.017963
483.35	0.017959
483.86	0.017957
484.36	0.017953
484.86	0.018002
485.37	0.017899
485.87	0.017966
486.38	0.017935
486.88	0.018004
487.38	0.017867
487.89	0.017907
488.39	0.017905
488.9	0.017963
489.4	0.017814
489.9	0.017931
490.41	0.017866
490.91	0.017899
491.42	0.017806
491.92	0.017796
492.42	0.017785
492.93	0.017754
493.43	0.017767
493.94	0.017719
494.44	0.017732
494.94	0.017696
495.45	0.017585
495.95	0.017702
496.46	0.017607
496.96	0.017599
497.46	0.017556
497.97	0.017563
498.47	0.017496
498.98	0.017512
499.48	0.017435
499.98	0.017414
500.49	0.017426
500.99	0.01729
501.5	0.017282
502	0.017312
502.5	0.017231
503.01	0.01731
503.51	0.017243
504.02	0.017241
504.52	0.017253
505.02	0.017242
505.53	0.017236
506.03	0.017182
506.54	0.017146
507.04	0.017186
507.54	0.01709
508.05	0.017062
508.55	0.017096
509.06	0.017141
509.56	0.01709
510.06	0.01704
510.57	0.016958
511.07	0.017038
511.58	0.017001
512.08	0.01692
512.58	0.01694
513.09	0.016973
513.59	0.01697
514.1	0.016949
514.6	0.016962
515.1	0.016943
515.61	0.017023
516.11	0.016945
516.62	0.016912
517.12	0.01693
517.62	0.016872
518.13	0.016857
518.63	0.016804
519.14	0.016858
519.64	0.016798
520.14	0.016787
520.65	0.016772
521.15	0.016761
521.66	0.016761
522.16	0.016715
522.66	0.016734
523.17	0.016734
523.67	0.016683
524.18	0.016708
524.68	0.016737
525.18	0.01669
525.69	0.01667
526.19	0.016699
526.7	0.016661
527.2	0.016696
527.7	0.016642
528.21	0.016614
528.71	0.016607
529.22	0.016572
529.72	0.016596
530.22	0.01661
530.73	0.0165
531.23	0.016549
531.74	0.016584
532.24	0.01652
532.74	0.016493
533.25	0.016527
533.75	0.016477
534.26	0.016505
534.76	0.016464
535.26	0.016469
535.77	0.016475
536.27	0.016443
536.78	0.01641
537.28	0.016389
537.78	0.016362
538.29	0.016318
538.79	0.016366
539.3	0.01629
539.8	0.016301
540.3	0.016278
540.81	0.016272
541.31	0.01629
541.82	0.016237
542.32	0.016279
542.82	0.016242
543.33	0.016234
543.83	0.016188
544.34	0.016168
544.84	0.016141
545.34	0.016144
545.85	0.016146
546.35	0.016146
546.86	0.016105
547.36	0.016129
547.86	0.016105
548.37	0.016085
548.87	0.016132
549.38	0.016092
549.88	0.016097
550.38	0.016032
550.89	0.016027
551.39	0.016032
551.9	0.016003
552.4	0.015991
552.9	0.015996
553.41	0.015961
553.91	0.01596
554.42	0.015947
554.92	0.015952
555.42	0.015939
555.93	0.01592
556.43	0.015918
556.94	0.015898
557.44	0.015872
557.94	0.015888
558.45	0.015794
558.95	0.015817
559.46	0.015863
559.96	0.015725
560.46	0.015784
560.97	0.015721
561.47	0.01578
561.98	0.015775
562.48	0.015814
562.98	0.015672
563.49	0.015778
563.99	0.015717
564.5	0.015699
565	0.015733
565.5	0.015695
566.01	0.015695
566.51	0.015693
567.02	0.015641
567.52	0.015667
568.02	0.015604
568.53	0.015653
569.03	0.015665
569.54	0.015641
570.04	0.015654
570.54	0.015618
571.05	0.01555
571.55	0.015584
572.06	0.015583
572.56	0.015556
573.06	0.015547
573.57	0.015546
574.07	0.015568
574.58	0.015531
575.08	0.015509
575.58	0.015522
576.09	0.015522
576.59	0.015435
577.1	0.015516
577.6	0.015446
578.1	0.015471
578.61	0.015407
579.11	0.015408
579.62	0.015454
580.12	0.015457
580.62	0.015384
581.13	0.015426
581.63	0.015394
582.14	0.015399
582.64	0.015382
583.14	0.015375
583.65	0.015382
584.15	0.015316
584.66	0.015363
585.16	0.015298
585.66	0.015356
586.17	0.015275
586.67	0.015334
587.18	0.01525
587.68	0.015256
588.18	0.015292
588.69	0.015252
589.19	0.015252
589.7	0.015244
590.2	0.015152
590.7	0.015183
591.21	0.015122
591.71	0.015171
592.22	0.015139
592.72	0.015141
593.22	0.015071
593.73	0.015132
594.23	0.015113
594.74	0.015104
595.24	0.015085
595.74	0.015061
596.25	0.015048
596.75	0.015046
597.26	0.01501
597.76	0.015011
598.26	0.014991
598.77	0.015004
599.27	0.01496
599.78	0.014947
600.28	0.014973
600.78	0.014959
601.29	0.014945
601.79	0.01488
602.3	0.014875
602.8	0.014856
603.3	0.014862
603.81	0.014852
604.31	0.014828
604.82	0.014754
605.32	0.01486
605.82	0.014809
606.33	0.014774
606.83	0.014752
607.34	0.014798
607.84	0.014762
608.34	0.014762
608.85	0.014758
609.35	0.014759
609.86	0.01475
610.36	0.014645
610.86	0.014694
611.37	0.014675
611.87	0.014674
612.38	0.01458
612.88	0.014627
613.38	0.014614
613.89	0.01462
614.39	0.014516
614.9	0.014569
615.4	0.014534
615.9	0.014503
616.41	0.014539
616.91	0.014504
617.42	0.014415
617.92	0.014491
618.42	0.014446
618.93	0.014402
619.43	0.01442
619.94	0.014361
620.44	0.014324
620.94	0.014345
621.45	0.014307
621.95	0.014325
622.46	0.014242
622.96	0.01423
623.46	0.014249
623.97	0.014141
624.47	0.014146
624.98	0.014162
625.48	0.014074
625.98	0.014142
626.49	0.014027
626.99	0.0141
627.5	0.01406
628	0.014058
628.5	0.014047
629.01	0.014
629.51	0.013979
630.02	0.014035
630.52	0.013919
631.02	0.013934
631.53	0.013885
632.03	0.013905
632.54	0.013848
633.04	0.013845
633.54	0.013892
634.05	0.013837
634.55	0.013873
635.06	0.013849
635.56	0.013739
636.06	0.013775
636.57	0.013802
637.07	0.013746
637.58	0.013738
638.08	0.013719
638.58	0.013707
639.09	0.013739
639.59	0.013667
640.1	0.013682
640.6	0.013698
641.1	0.013666
641.61	0.013697
642.11	0.013664
642.62	0.013648
643.12	0.013599
643.62	0.013637
644.13	0.013645
644.63	0.013643
645.14	0.013691
645.64	0.013632
646.14	0.013702
646.65	0.013632
647.15	0.01367
647.66	0.01359
648.16	0.013682
648.66	0.01367
649.17	0.013688
649.67	0.013686
650.18	0.013592
650.68	0.013672
651.18	0.013552
651.69	0.013635
652.19	0.013604
652.7	0.013548
653.2	0.013586
653.7	0.013512
654.21	0.013516
654.71	0.013453
655.22	0.013546
655.72	0.013528
656.22	0.013509
656.73	0.013437
657.23	0.013479
657.74	0.01352
658.24	0.01344
658.74	0.013418
659.25	0.013351
659.75	0.013374
660.26	0.013334
660.76	0.013232
661.26	0.01327
661.77	0.013315
662.27	0.013238
662.78	0.013253
663.28	0.013179
663.78	0.013253
664.29	0.013306
664.79	0.013263
665.3	0.013181
665.8	0.013236
666.3	0.013215
666.81	0.013183
667.31	0.013173
667.82	0.013133
668.32	0.013077
668.82	0.013074
669.33	0.013098
669.83	0.012933
670.34	0.013036
670.84	0.013025
671.34	0.012971
671.85	0.012962
672.35	0.012871
672.86	0.012891
673.36	0.012841
673.86	0.012826
674.37	0.012804
674.87	0.012713
675.38	0.012779
675.88	0.012703
676.38	0.01271
676.89	0.01272
677.39	0.012615
677.9	0.012687
678.4	0.012658
678.9	0.01252
679.41	0.012654
679.91	0.012539
680.42	0.012517
680.92	0.012465
681.42	0.012543
681.93	0.012464
682.43	0.01246
682.94	0.012443
683.44	0.012363
683.94	0.0124
684.45	0.012365
684.95	0.012254
685.46	0.012386
685.96	0.012281
686.46	0.012277
686.97	0.012314
687.47	0.012132
687.98	0.01221
688.48	0.012039
688.98	0.012095
689.49	0.01196
689.99	0.011972
690.5	0.012002
691	0.011915
691.5	0.011973
692.01	0.011972
692.51	0.011796
693.02	0.011569
693.52	0.011742
694.02	0.011636
694.53	0.011695
695.03	0.011466
695.54	0.011437
696.04	0.011322
696.54	0.011322
697.05	0.01139
697.55	0.011256
698.06	0.011143
698.56	0.011093
699.06	0.011054
699.57	0.011002
700.07	0.011007
700.58	0.011166
701.08	0.010797
701.58	0.0108
702.09	0.010715
702.59	0.010714
703.1	0.010605
703.6	0.010612
704.1	0.0107
704.61	0.010581
705.11	0.010569
705.62	0.010668
706.12	0.010368
706.62	0.010484
707.13	0.010398
707.63	0.010307
708.14	0.010227
708.64	0.010338
709.14	0.010056
709.65	0.01024
710.15	0.01028
710.66	0.010073
711.16	0.0098791
711.66	0.0099806
712.17	0.0096679
712.67	0.0096861
713.18	0.00964
713.68	0.0097628
714.18	0.0097147
714.69	0.0095349
715.19	0.0094556
715.7	0.0094943
716.2	0.0092669
716.7	0.0090434
717.21	0.0090761
717.71	0.0088183
718.22	0.008846
718.72	0.008873
719.22	0.0088452
719.73	0.0088458
720.23	0.0083941
720.74	0.008549
721.24	0.0084347
721.74	0.0083899
722.25	0.0080613
722.75	0.0079067
723.26	0.00783
723.76	0.0077692
724.26	0.0078298
724.77	0.0076429
725.27	0.0075965
725.78	0.0074323
726.28	0.0073682
726.78	0.0072095
727.29	0.0072673
727.79	0.006847
728.3	0.0072259
728.8	0.0068199
729.3	0.0067095
729.81	0.006666
730.31	0.0064446
730.82	0.006397
731.32	0.0065299
731.82	0.0063892
732.33	0.0061296
732.83	0.0062958
733.34	0.0059933
733.84	0.0061847
734.34	0.0059191
734.85	0.005762
735.35	0.0056834
735.86	0.0055738
736.36	0.0057911
736.86	0.0056305
737.37	0.0056802
737.87	0.0054434
738.38	0.0053818
738.88	0.0055326
739.38	0.005166
739.89	0.005294
740.39	0.0051133
740.9	0.0046054
741.4	0.0047702
741.9	0.0049837
742.41	0.0046672
742.91	0.0050669
743.42	0.0049939
743.92	0.0047116
744.42	0.0043621
744.93	0.0046704
745.43	0.0046305
745.94	0.0044384
746.44	0.0047551
746.94	0.0043374
747.45	0.0044363
747.95	0.0040955
748.46	0.0040467
748.96	0.0040642
749.46	0.0036357
749.97	0.0045959
750.47	0.0037777
750.98	0.0039243
751.48	0.003711
751.98	0.0039047
752.49	0.0036237
752.99	0.0031239
753.5	0.0034929
754	0.0038114
754.5	0.0030915
755.01	0.0033914
755.51	0.0030677
756.02	0.0029281
756.52	0.0028704
757.02	0.0033308
757.53	0.0032641
758.03	0.0025979
758.54	0.0031475
759.04	0.0026428
759.54	0.0026605
760.05	0.002758
760.55	0.0024787
761.06	0.0028624
761.56	0.0023196
762.06	0.0021707
762.57	0.0022866
763.07	0.002291
763.58	0.0020745
764.08	0.0017055
764.58	0.0015641
765.09	0.001894
765.59	0.0016271
766.1	0.0012602
766.6	0.0012069
767.1	0.0013888
767.61	0.00091947
768.11	0.0013412
768.62	0.0013412
769.12	0.00074227
