376.5	0.026789
377.01	0.028374
377.51	0.025808
378.02	0.02658
378.52	0.026802
379.02	0.026104
379.53	0.02668
380.03	0.025305
380.54	0.025277
381.04	0.024742
381.54	0.024945
382.05	0.02579
382.55	0.024524
383.06	0.024843
383.56	0.024007
384.06	0.022992
384.57	0.022844
385.07	0.023464
385.58	0.021669
386.08	0.022062
386.58	0.021209
387.09	0.021523
387.59	0.020484
388.1	0.020268
388.6	0.019236
389.1	0.019907
389.61	0.019468
390.11	0.017567
390.62	0.018169
391.12	0.018049
391.62	0.017078
392.13	0.01831
392.63	0.01684
393.14	0.017642
393.64	0.016764
394.14	0.01629
394.65	0.015892
395.15	0.016402
395.66	0.015482
396.16	0.016349
396.66	0.015962
397.17	0.01534
397.67	0.015718
398.18	0.015607
398.68	0.015343
399.18	0.015002
399.69	0.015035
400.19	0.015451
400.7	0.015036
401.2	0.014732
401.7	0.014875
402.21	0.014651
402.71	0.014939
403.22	0.014974
403.72	0.014508
404.22	0.015231
404.73	0.01533
405.23	0.015175
405.74	0.015406
406.24	0.015402
406.74	0.015039
407.25	0.015466
407.75	0.015362
408.26	0.015546
408.76	0.015486
409.26	0.016037
409.77	0.0157
410.27	0.016234
410.78	0.015911
411.28	0.016343
411.78	0.016101
412.29	0.015875
412.79	0.015902
413.3	0.015978
413.8	0.016064
414.3	0.016428
414.81	0.016129
415.31	0.016181
415.82	0.016505
416.32	0.016145
416.82	0.016258
417.33	0.016452
417.83	0.016252
418.34	0.016453
418.84	0.016128
419.34	0.016288
419.85	0.016393
420.35	0.016381
420.86	0.016042
421.36	0.016168
421.86	0.015675
422.37	0.015994
422.87	0.016163
423.38	0.01613
423.88	0.015954
424.38	0.016096
424.89	0.015844
425.39	0.015828
425.9	0.015729
426.4	0.015741
426.9	0.015985
427.41	0.015944
427.91	0.015663
428.42	0.015854
428.92	0.015877
429.42	0.015963
429.93	0.0158
430.43	0.015813
430.94	0.015921
431.44	0.015895
431.94	0.016195
432.45	0.016289
432.95	0.015995
433.46	0.016084
433.96	0.016103
434.46	0.016012
434.97	0.015986
435.47	0.016262
435.98	0.016153
436.48	0.016149
436.98	0.016285
437.49	0.016144
437.99	0.016266
438.5	0.016237
439	0.015969
439.5	0.016018
440.01	0.015983
440.51	0.016116
441.02	0.016074
441.52	0.016039
442.02	0.016021
442.53	0.016024
443.03	0.015798
443.54	0.016059
444.04	0.015821
444.54	0.015923
445.05	0.015953
445.55	0.015853
446.06	0.015871
446.56	0.015761
447.06	0.015685
447.57	0.015873
448.07	0.015713
448.58	0.01583
449.08	0.015737
449.58	0.015752
450.09	0.015608
450.59	0.015797
451.1	0.015842
451.6	0.015815
452.1	0.01577
452.61	0.015742
453.11	0.015671
453.62	0.015732
454.12	0.015804
454.62	0.015877
455.13	0.015833
455.63	0.015857
456.14	0.015809
456.64	0.015847
457.14	0.015749
457.65	0.015749
458.15	0.015674
458.66	0.015665
459.16	0.015905
459.66	0.015822
460.17	0.015813
460.67	0.015721
461.18	0.015674
461.68	0.015781
462.18	0.015628
462.69	0.015714
463.19	0.015751
463.7	0.015743
464.2	0.015682
464.7	0.015725
465.21	0.015592
465.71	0.015681
466.22	0.015674
466.72	0.015565
467.22	0.015657
467.73	0.0155
468.23	0.015507
468.74	0.015546
469.24	0.015603
469.74	0.015573
470.25	0.015557
470.75	0.015624
471.26	0.015602
471.76	0.01552
472.26	0.015622
472.77	0.015701
473.27	0.015546
473.78	0.015514
474.28	0.01552
474.78	0.015521
475.29	0.015496
475.79	0.01551
476.3	0.015528
476.8	0.01542
477.3	0.015372
477.81	0.015436
478.31	0.01537
478.82	0.015392
479.32	0.01538
479.82	0.015372
480.33	0.015314
480.83	0.015346
481.34	0.015329
481.84	0.01534
482.34	0.015286
482.85	0.015216
483.35	0.015169
483.86	0.01527
484.36	0.015201
484.86	0.01513
485.37	0.015138
485.87	0.015184
486.38	0.015153
486.88	0.015083
487.38	0.01516
487.89	0.015141
488.39	0.014993
488.9	0.015049
489.4	0.015027
489.9	0.014975
490.41	0.014973
490.91	0.014956
491.42	0.014916
491.92	0.014932
492.42	0.014971
492.93	0.014884
493.43	0.014847
493.94	0.014817
494.44	0.014848
494.94	0.014843
495.45	0.014722
495.95	0.014783
496.46	0.01478
496.96	0.014788
497.46	0.014745
497.97	0.014726
498.47	0.014647
498.98	0.014635
499.48	0.014634
499.98	0.014635
500.49	0.014616
500.99	0.014618
501.5	0.014561
502	0.014554
502.5	0.014486
503.01	0.014462
503.51	0.014482
504.02	0.014476
504.52	0.014461
505.02	0.014476
505.53	0.014488
506.03	0.014418
506.54	0.01444
507.04	0.014446
507.54	0.014364
508.05	0.014367
508.55	0.014364
509.06	0.014379
509.56	0.014278
510.06	0.014367
510.57	0.014301
511.07	0.01427
511.58	0.014239
512.08	0.014244
512.58	0.014226
513.09	0.014254
513.59	0.014128
514.1	0.014086
514.6	0.014148
515.1	0.014147
515.61	0.014087
516.11	0.014137
516.62	0.014041
517.12	0.014015
517.62	0.014019
518.13	0.014097
518.63	0.013972
519.14	0.01399
519.64	0.013971
520.14	0.013962
520.65	0.013895
521.15	0.013959
521.66	0.013897
522.16	0.013924
522.66	0.013871
523.17	0.013925
523.67	0.013831
524.18	0.013856
524.68	0.013776
525.18	0.013796
525.69	0.013753
526.19	0.013761
526.7	0.013755
527.2	0.013733
527.7	0.01365
528.21	0.013688
528.71	0.013639
529.22	0.013672
529.72	0.013661
530.22	0.013612
530.73	0.013643
531.23	0.013618
531.74	0.013591
532.24	0.013613
532.74	0.013527
533.25	0.01353
533.75	0.013506
534.26	0.013531
534.76	0.013488
535.26	0.013522
535.77	0.013445
536.27	0.013434
536.78	0.013429
537.28	0.013482
537.78	0.013422
538.29	0.013377
538.79	0.013371
539.3	0.013403
539.8	0.013354
540.3	0.01336
540.81	0.013393
541.31	0.013366
541.82	0.013348
542.32	0.013369
542.82	0.013353
543.33	0.013307
543.83	0.013287
544.34	0.013291
544.84	0.013212
545.34	0.013272
545.85	0.013244
546.35	0.013215
546.86	0.01316
547.36	0.01321
547.86	0.01317
548.37	0.013204
548.87	0.013138
549.38	0.013111
549.88	0.013084
550.38	0.013065
550.89	0.013117
551.39	0.013083
551.9	0.0131
552.4	0.013042
552.9	0.013047
553.41	0.013065
553.91	0.013013
554.42	0.013014
554.92	0.012998
555.42	0.012953
555.93	0.012973
556.43	0.012985
556.94	0.013027
557.44	0.012903
557.94	0.012873
558.45	0.01286
558.95	0.012867
559.46	0.012907
559.96	0.012834
560.46	0.01285
560.97	0.012835
561.47	0.012825
561.98	0.012763
562.48	0.012786
562.98	0.012741
563.49	0.012785
563.99	0.012774
564.5	0.012801
565	0.012694
565.5	0.012688
566.01	0.012662
566.51	0.012694
567.02	0.012622
567.52	0.012633
568.02	0.012613
568.53	0.012605
569.03	0.012652
569.54	0.012597
570.04	0.012579
570.54	0.012588
571.05	0.012504
571.55	0.01254
572.06	0.012491
572.56	0.01253
573.06	0.012449
573.57	0.012496
574.07	0.012479
574.58	0.012471
575.08	0.012443
575.58	0.012382
576.09	0.012421
576.59	0.012428
577.1	0.012363
577.6	0.012385
578.1	0.012396
578.61	0.012314
579.11	0.012292
579.62	0.012318
580.12	0.012369
580.62	0.012321
581.13	0.01231
581.63	0.012306
582.14	0.01225
582.64	0.012276
583.14	0.012261
583.65	0.012252
584.15	0.01224
584.66	0.012291
585.16	0.012215
585.66	0.012251
586.17	0.012235
586.67	0.012171
587.18	0.012189
587.68	0.012179
588.18	0.012198
588.69	0.012214
589.19	0.012221
589.7	0.012187
590.2	0.012127
590.7	0.012178
591.21	0.012166
591.71	0.012096
592.22	0.012123
592.72	0.012132
593.22	0.012109
593.73	0.01209
594.23	0.012064
594.74	0.012033
595.24	0.012054
595.74	0.01209
596.25	0.012031
596.75	0.012021
597.26	0.012028
597.76	0.012004
598.26	0.012011
598.77	0.012054
599.27	0.011955
599.78	0.01196
600.28	0.011971
600.78	0.011985
601.29	0.011921
601.79	0.011971
602.3	0.011913
602.8	0.011851
603.3	0.011921
603.81	0.011924
604.31	0.011896
604.82	0.011943
605.32	0.011872
605.82	0.011847
606.33	0.011834
606.83	0.011829
607.34	0.011829
607.84	0.011794
608.34	0.011767
608.85	0.011829
609.35	0.011761
609.86	0.011763
610.36	0.011687
610.86	0.011738
611.37	0.011706
611.87	0.011688
612.38	0.011652
612.88	0.011704
613.38	0.011655
613.89	0.011634
614.39	0.011563
614.9	0.01163
615.4	0.01157
615.9	0.011566
616.41	0.011532
616.91	0.0115
617.42	0.01146
617.92	0.011501
618.42	0.011446
618.93	0.011443
619.43	0.011402
619.94	0.011421
620.44	0.011376
620.94	0.011411
621.45	0.011385
621.95	0.011265
622.46	0.011321
622.96	0.011283
623.46	0.011354
623.97	0.0113
624.47	0.01127
624.98	0.011296
625.48	0.011217
625.98	0.011205
626.49	0.011205
626.99	0.011259
627.5	0.011227
628	0.011182
628.5	0.011186
629.01	0.01113
629.51	0.011158
630.02	0.011141
630.52	0.01113
631.02	0.011093
631.53	0.011109
632.03	0.011117
632.54	0.011097
633.04	0.011112
633.54	0.011011
634.05	0.011041
634.55	0.011001
635.06	0.010971
635.56	0.010965
636.06	0.010979
636.57	0.010989
637.07	0.010977
637.58	0.010896
638.08	0.010917
638.58	0.010876
639.09	0.010887
639.59	0.01083
640.1	0.010829
640.6	0.010828
641.1	0.010805
641.61	0.010795
642.11	0.010794
642.62	0.0107
643.12	0.010773
643.62	0.010719
644.13	0.010725
644.63	0.010652
645.14	0.010694
645.64	0.010681
646.14	0.010637
646.65	0.010518
647.15	0.010649
647.66	0.010637
648.16	0.010574
648.66	0.010522
649.17	0.010588
649.67	0.010538
650.18	0.010598
650.68	0.010483
651.18	0.010512
651.69	0.010548
652.19	0.010479
652.7	0.010454
653.2	0.010416
653.7	0.010411
654.21	0.010394
654.71	0.010406
655.22	0.010342
655.72	0.010356
656.22	0.010372
656.73	0.01034
657.23	0.010386
657.74	0.010335
658.24	0.0103
658.74	0.010198
659.25	0.010223
659.75	0.010185
660.26	0.01021
660.76	0.010171
661.26	0.010147
661.77	0.010151
662.27	0.010094
662.78	0.010124
663.28	0.010011
663.78	0.0099267
664.29	0.010049
664.79	0.0099584
665.3	0.0099791
665.8	0.0099834
666.3	0.0099415
666.81	0.0098848
667.31	0.0099328
667.82	0.0098781
668.32	0.0098202
668.82	0.0098425
669.33	0.0098871
669.83	0.0098375
670.34	0.0097487
670.84	0.0097969
671.34	0.0097319
671.85	0.0096965
672.35	0.0097274
672.86	0.0096927
673.36	0.0096526
673.86	0.0096981
674.37	0.0096686
674.87	0.0096314
675.38	0.0096046
675.88	0.0095493
676.38	0.0096277
676.89	0.0095629
677.39	0.0095581
677.9	0.0095112
678.4	0.009539
678.9	0.009479
679.41	0.0094561
679.91	0.0094465
680.42	0.0094345
680.92	0.0093849
681.42	0.0094571
681.93	0.0092506
682.43	0.0093596
682.94	0.0093466
683.44	0.0093328
683.94	0.0092141
684.45	0.0093035
684.95	0.0091708
685.46	0.0091412
685.96	0.0091035
686.46	0.0091237
686.97	0.009053
687.47	0.0091201
687.98	0.0089462
688.48	0.0090158
688.98	0.0089683
689.49	0.0090164
689.99	0.0088792
690.5	0.0088957
691	0.0087887
691.5	0.0086836
692.01	0.0086758
692.51	0.0086291
693.02	0.0085385
693.52	0.0085337
694.02	0.0084832
694.53	0.0085124
695.03	0.0084828
695.54	0.0084506
696.04	0.0083756
696.54	0.0084784
697.05	0.0084233
697.55	0.0082681
698.06	0.0082571
698.56	0.0083135
699.06	0.0082585
699.57	0.0082791
700.07	0.0081921
700.58	0.0082452
701.08	0.0082263
701.58	0.0082355
702.09	0.0082275
702.59	0.008231
703.1	0.0081459
703.6	0.0081718
704.1	0.0081979
704.61	0.0081268
705.11	0.0082802
705.62	0.0082464
706.12	0.008229
706.62	0.0081739
707.13	0.0080435
707.63	0.0080734
708.14	0.0081564
708.64	0.008146
709.14	0.0082152
709.65	0.0080778
710.15	0.0082478
710.66	0.0079501
711.16	0.0080064
711.66	0.0081151
712.17	0.0079438
712.67	0.0080506
713.18	0.0079029
713.68	0.0079213
714.18	0.0080227
714.69	0.0079712
715.19	0.0078173
715.7	0.007738
716.2	0.0075803
716.7	0.0077889
717.21	0.007536
717.71	0.0077361
718.22	0.0077569
718.72	0.0075314
719.22	0.0075005
719.73	0.0074376
720.23	0.0072309
720.74	0.0073233
721.24	0.0070189
721.74	0.0071114
722.25	0.0070103
722.75	0.0071536
723.26	0.0068996
723.76	0.0068687
724.26	0.0066363
724.77	0.0066482
725.27	0.0065095
725.78	0.0065802
726.28	0.0066061
726.78	0.0064849
727.29	0.0064499
727.79	0.0064119
728.3	0.0061434
728.8	0.0060441
729.3	0.00611
729.81	0.0061865
730.31	0.0061414
730.82	0.0061211
731.32	0.005926
731.82	0.0059163
732.33	0.00586
732.83	0.0059203
733.34	0.0060985
733.84	0.0059885
734.34	0.0056907
734.85	0.0061133
735.35	0.0058985
735.86	0.0059543
736.36	0.005842
736.86	0.0057411
737.37	0.0059985
737.87	0.0058715
738.38	0.0057849
738.88	0.0058982
739.38	0.0055316
739.89	0.0054443
740.39	0.0058511
740.9	0.0059879
741.4	0.0057745
741.9	0.0059046
742.41	0.0057788
742.91	0.0059522
743.42	0.0058081
743.92	0.0058091
744.42	0.0059682
744.93	0.005723
745.43	0.0054709
745.94	0.005691
746.44	0.0058153
746.94	0.0057489
747.45	0.0058335
747.95	0.0059656
748.46	0.0057184
748.96	0.0057648
749.46	0.0058992
749.97	0.0057899
750.47	0.0058209
750.98	0.0059335
751.48	0.005891
751.98	0.0057106
752.49	0.0055869
752.99	0.006254
753.5	0.0057516
754	0.0063377
754.5	0.0058927
755.01	0.0060332
755.51	0.0055826
756.02	0.0058396
756.52	0.0060576
757.02	0.0058131
757.53	0.0057948
758.03	0.0053311
758.54	0.0056436
759.04	0.0058919
759.54	0.0055833
760.05	0.0058599
760.55	0.005616
761.06	0.0059745
761.56	0.0057239
762.06	0.0063469
762.57	0.0055606
763.07	0.0061063
763.58	0.0058033
764.08	0.0054244
764.58	0.0049613
765.09	0.0052885
765.59	0.0058508
766.1	0.005954
766.6	0.0056777
767.1	0.0057285
767.61	0.0054452
768.11	0.005318
768.62	0.0052087
769.12	0.0049976
