376.5	0.028136
377.01	0.029053
377.51	0.027641
378.02	0.027491
378.52	0.027968
379.02	0.027273
379.53	0.027936
380.03	0.026489
380.54	0.027335
381.04	0.025665
381.54	0.026361
382.05	0.026564
382.55	0.024762
383.06	0.024528
383.56	0.024664
384.06	0.024362
384.57	0.023221
385.07	0.024096
385.58	0.022278
386.08	0.021734
386.58	0.022016
387.09	0.021983
387.59	0.020809
388.1	0.020516
388.6	0.020006
389.1	0.020437
389.61	0.019715
390.11	0.018024
390.62	0.019013
391.12	0.01922
391.62	0.017816
392.13	0.018382
392.63	0.017705
393.14	0.018147
393.64	0.017634
394.14	0.017343
394.65	0.016721
395.15	0.016955
395.66	0.016862
396.16	0.016749
396.66	0.016968
397.17	0.015843
397.67	0.016308
398.18	0.016034
398.68	0.016761
399.18	0.016166
399.69	0.016197
400.19	0.016563
400.7	0.016675
401.2	0.015873
401.7	0.016302
402.21	0.016155
402.71	0.016479
403.22	0.016184
403.72	0.016087
404.22	0.016661
404.73	0.016495
405.23	0.016566
405.74	0.016939
406.24	0.016946
406.74	0.016755
407.25	0.016621
407.75	0.01692
408.26	0.017247
408.76	0.016924
409.26	0.017402
409.77	0.01709
410.27	0.017606
410.78	0.01749
411.28	0.017397
411.78	0.017287
412.29	0.017335
412.79	0.017495
413.3	0.017028
413.8	0.01725
414.3	0.017417
414.81	0.017414
415.31	0.017214
415.82	0.017363
416.32	0.017222
416.82	0.017308
417.33	0.017087
417.83	0.017158
418.34	0.017288
418.84	0.017078
419.34	0.016903
419.85	0.017255
420.35	0.017179
420.86	0.016871
421.36	0.017192
421.86	0.0166
422.37	0.016966
422.87	0.017007
423.38	0.016922
423.88	0.016772
424.38	0.01686
424.89	0.016828
425.39	0.016692
425.9	0.017021
426.4	0.01675
426.9	0.016874
427.41	0.016961
427.91	0.016949
428.42	0.01704
428.92	0.017074
429.42	0.017174
429.93	0.017245
430.43	0.017235
430.94	0.017135
431.44	0.017148
431.94	0.01746
432.45	0.017711
432.95	0.017408
433.46	0.017268
433.96	0.017454
434.46	0.01743
434.97	0.017279
435.47	0.017446
435.98	0.017371
436.48	0.01749
436.98	0.017388
437.49	0.017194
437.99	0.017271
438.5	0.017205
439	0.01708
439.5	0.017069
440.01	0.017188
440.51	0.017079
441.02	0.017186
441.52	0.017135
442.02	0.017144
442.53	0.016923
443.03	0.016879
443.54	0.017119
444.04	0.016795
444.54	0.016949
445.05	0.016793
445.55	0.016877
446.06	0.016828
446.56	0.016884
447.06	0.01676
447.57	0.01683
448.07	0.016931
448.58	0.016876
449.08	0.016783
449.58	0.01676
450.09	0.016744
450.59	0.016975
451.1	0.01681
451.6	0.016807
452.1	0.016827
452.61	0.016963
453.11	0.016772
453.62	0.016847
454.12	0.016808
454.62	0.01697
455.13	0.017022
455.63	0.016849
456.14	0.016943
456.64	0.016863
457.14	0.01679
457.65	0.016752
458.15	0.01677
458.66	0.016736
459.16	0.016896
459.66	0.016838
460.17	0.016863
460.67	0.0168
461.18	0.016704
461.68	0.016797
462.18	0.016709
462.69	0.016743
463.19	0.01686
463.7	0.016812
464.2	0.016726
464.7	0.016746
465.21	0.01669
465.71	0.016704
466.22	0.01669
466.72	0.016637
467.22	0.016741
467.73	0.016643
468.23	0.016715
468.74	0.016589
469.24	0.016529
469.74	0.016557
470.25	0.016575
470.75	0.016649
471.26	0.016483
471.76	0.016478
472.26	0.016521
472.77	0.0165
473.27	0.016493
473.78	0.01653
474.28	0.016493
474.78	0.016404
475.29	0.016324
475.79	0.016378
476.3	0.016349
476.8	0.016305
477.3	0.016265
477.81	0.016201
478.31	0.016257
478.82	0.016233
479.32	0.016219
479.82	0.016239
480.33	0.016144
480.83	0.016264
481.34	0.016239
481.84	0.016166
482.34	0.016157
482.85	0.016105
483.35	0.016115
483.86	0.016166
484.36	0.016091
484.86	0.016042
485.37	0.015981
485.87	0.01609
486.38	0.015987
486.88	0.015979
487.38	0.016027
487.89	0.016027
488.39	0.015909
488.9	0.015923
489.4	0.015898
489.9	0.015951
490.41	0.015913
490.91	0.015892
491.42	0.015854
491.92	0.01586
492.42	0.015872
492.93	0.015847
493.43	0.015777
493.94	0.015694
494.44	0.015756
494.94	0.015731
495.45	0.015651
495.95	0.015645
496.46	0.015618
496.96	0.015656
497.46	0.015604
497.97	0.015613
498.47	0.015595
498.98	0.015539
499.48	0.015509
499.98	0.015486
500.49	0.015496
500.99	0.01547
501.5	0.015475
502	0.01536
502.5	0.015437
503.01	0.015334
503.51	0.015388
504.02	0.015352
504.52	0.015371
505.02	0.015373
505.53	0.01533
506.03	0.015277
506.54	0.015332
507.04	0.015252
507.54	0.015221
508.05	0.01522
508.55	0.015203
509.06	0.015189
509.56	0.015129
510.06	0.015182
510.57	0.015204
511.07	0.015097
511.58	0.015115
512.08	0.015084
512.58	0.015106
513.09	0.015092
513.59	0.014997
514.1	0.014924
514.6	0.014977
515.1	0.014947
515.61	0.014923
516.11	0.014875
516.62	0.014862
517.12	0.01481
517.62	0.014815
518.13	0.014856
518.63	0.014801
519.14	0.014784
519.64	0.014779
520.14	0.014712
520.65	0.014746
521.15	0.014762
521.66	0.014688
522.16	0.014721
522.66	0.01465
523.17	0.014692
523.67	0.014652
524.18	0.01465
524.68	0.014576
525.18	0.014581
525.69	0.014511
526.19	0.014547
526.7	0.014556
527.2	0.014546
527.7	0.014481
528.21	0.014515
528.71	0.014461
529.22	0.014456
529.72	0.014447
530.22	0.014466
530.73	0.014415
531.23	0.014426
531.74	0.014395
532.24	0.014421
532.74	0.014356
533.25	0.014339
533.75	0.014389
534.26	0.014368
534.76	0.014319
535.26	0.01431
535.77	0.014309
536.27	0.014243
536.78	0.014246
537.28	0.014285
537.78	0.014303
538.29	0.014231
538.79	0.014255
539.3	0.014244
539.8	0.014216
540.3	0.014228
540.81	0.014225
541.31	0.014242
541.82	0.01422
542.32	0.014195
542.82	0.014202
543.33	0.01415
543.83	0.01414
544.34	0.014104
544.84	0.014079
545.34	0.014123
545.85	0.014093
546.35	0.014079
546.86	0.01402
547.36	0.014037
547.86	0.014009
548.37	0.014059
548.87	0.014036
549.38	0.013983
549.88	0.013944
550.38	0.013939
550.89	0.014022
551.39	0.013923
551.9	0.013928
552.4	0.013887
552.9	0.013908
553.41	0.013895
553.91	0.01383
554.42	0.013831
554.92	0.013842
555.42	0.013822
555.93	0.013869
556.43	0.013818
556.94	0.013787
557.44	0.0137
557.94	0.013763
558.45	0.013685
558.95	0.013723
559.46	0.013676
559.96	0.01364
560.46	0.013661
560.97	0.013687
561.47	0.013634
561.98	0.013568
562.48	0.01358
562.98	0.013608
563.49	0.013585
563.99	0.013582
564.5	0.013594
565	0.01352
565.5	0.013501
566.01	0.01348
566.51	0.013454
567.02	0.013493
567.52	0.013448
568.02	0.013441
568.53	0.013435
569.03	0.013433
569.54	0.013413
570.04	0.013431
570.54	0.013371
571.05	0.013353
571.55	0.013324
572.06	0.013333
572.56	0.013306
573.06	0.013273
573.57	0.013252
574.07	0.013247
574.58	0.013272
575.08	0.013238
575.58	0.013242
576.09	0.013196
576.59	0.013175
577.1	0.013218
577.6	0.013196
578.1	0.013195
578.61	0.013127
579.11	0.013101
579.62	0.013104
580.12	0.013192
580.62	0.013086
581.13	0.013116
581.63	0.01309
582.14	0.013076
582.64	0.01308
583.14	0.013054
583.65	0.013049
584.15	0.013027
584.66	0.013044
585.16	0.013036
585.66	0.013009
586.17	0.013012
586.67	0.012922
587.18	0.012981
587.68	0.012943
588.18	0.01301
588.69	0.012958
589.19	0.012993
589.7	0.012958
590.2	0.012917
590.7	0.012915
591.21	0.012976
591.71	0.012866
592.22	0.012918
592.72	0.012838
593.22	0.012874
593.73	0.012845
594.23	0.012836
594.74	0.012763
595.24	0.012811
595.74	0.01281
596.25	0.012817
596.75	0.012776
597.26	0.012748
597.76	0.012765
598.26	0.012775
598.77	0.012743
599.27	0.012727
599.78	0.012709
600.28	0.012703
600.78	0.012707
601.29	0.012757
601.79	0.012721
602.3	0.012681
602.8	0.01258
603.3	0.012653
603.81	0.012642
604.31	0.012637
604.82	0.012652
605.32	0.012628
605.82	0.01257
606.33	0.012551
606.83	0.012536
607.34	0.012533
607.84	0.01256
608.34	0.012494
608.85	0.012509
609.35	0.012456
609.86	0.012486
610.36	0.01242
610.86	0.01245
611.37	0.012445
611.87	0.012404
612.38	0.012356
612.88	0.012399
613.38	0.012327
613.89	0.012376
614.39	0.012305
614.9	0.01233
615.4	0.012273
615.9	0.012255
616.41	0.012273
616.91	0.012193
617.42	0.01219
617.92	0.012192
618.42	0.012207
618.93	0.012134
619.43	0.012132
619.94	0.012113
620.44	0.012099
620.94	0.01211
621.45	0.012081
621.95	0.012078
622.46	0.012069
622.96	0.012002
623.46	0.012044
623.97	0.012
624.47	0.011968
624.98	0.011978
625.48	0.011953
625.98	0.011925
626.49	0.011964
626.99	0.011911
627.5	0.011954
628	0.011894
628.5	0.011905
629.01	0.011865
629.51	0.011904
630.02	0.011848
630.52	0.01187
631.02	0.011811
631.53	0.011843
632.03	0.011827
632.54	0.011778
633.04	0.011847
633.54	0.011783
634.05	0.011751
634.55	0.011711
635.06	0.011727
635.56	0.011693
636.06	0.011655
636.57	0.011695
637.07	0.011662
637.58	0.011621
638.08	0.011629
638.58	0.011647
639.09	0.011533
639.59	0.011578
640.1	0.011549
640.6	0.011545
641.1	0.011541
641.61	0.011484
642.11	0.011476
642.62	0.011487
643.12	0.011466
643.62	0.011413
644.13	0.011463
644.63	0.01134
645.14	0.011382
645.64	0.011337
646.14	0.011298
646.65	0.011265
647.15	0.011294
647.66	0.011299
648.16	0.011203
648.66	0.01118
649.17	0.011235
649.67	0.011186
650.18	0.0112
650.68	0.011111
651.18	0.011077
651.69	0.0111
652.19	0.011029
652.7	0.011023
653.2	0.010937
653.7	0.011015
654.21	0.010967
654.71	0.010923
655.22	0.010869
655.72	0.010884
656.22	0.010897
656.73	0.010839
657.23	0.010903
657.74	0.0109
658.24	0.010836
658.74	0.01083
659.25	0.010823
659.75	0.010738
660.26	0.010808
660.76	0.010779
661.26	0.010711
661.77	0.010744
662.27	0.010695
662.78	0.010668
663.28	0.010658
663.78	0.010598
664.29	0.010652
664.79	0.010559
665.3	0.010592
665.8	0.010525
666.3	0.010498
666.81	0.010552
667.31	0.010502
667.82	0.010413
668.32	0.010418
668.82	0.01039
669.33	0.010406
669.83	0.010422
670.34	0.010292
670.84	0.01032
671.34	0.010303
671.85	0.01026
672.35	0.010228
672.86	0.010222
673.36	0.010171
673.86	0.010162
674.37	0.010171
674.87	0.010067
675.38	0.010076
675.88	0.010049
676.38	0.010062
676.89	0.01004
677.39	0.0099567
677.9	0.0099745
678.4	0.010023
678.9	0.010004
679.41	0.0098975
679.91	0.0099759
680.42	0.0099397
680.92	0.0099482
681.42	0.0099648
681.93	0.0098526
682.43	0.0098684
682.94	0.0098774
683.44	0.009774
683.94	0.0097907
684.45	0.0097726
684.95	0.0096952
685.46	0.0097009
685.96	0.0096239
686.46	0.0097017
686.97	0.0097258
687.47	0.0096579
687.98	0.0095123
688.48	0.0096091
688.98	0.0096135
689.49	0.0095783
689.99	0.009469
690.5	0.0094352
691	0.0093998
691.5	0.0092512
692.01	0.009245
692.51	0.0091339
693.02	0.0091156
693.52	0.0091287
694.02	0.0090363
694.53	0.0090185
695.03	0.0090339
695.54	0.0089665
696.04	0.0088407
696.54	0.0089113
697.05	0.0088129
697.55	0.008782
698.06	0.0087965
698.56	0.0087771
699.06	0.0086708
699.57	0.0087249
700.07	0.0085655
700.58	0.0085314
701.08	0.0085307
701.58	0.0085503
702.09	0.0085957
702.59	0.0086207
703.1	0.008394
703.6	0.0084975
704.1	0.0085205
704.61	0.0084778
705.11	0.0086083
705.62	0.0085337
706.12	0.0085804
706.62	0.0085023
707.13	0.0084496
707.63	0.0085256
708.14	0.0085177
708.64	0.0085539
709.14	0.0086258
709.65	0.0085168
710.15	0.0086051
710.66	0.0084663
711.16	0.0083104
711.66	0.0084558
712.17	0.00849
712.67	0.0084964
713.18	0.0083835
713.68	0.008546
714.18	0.008438
714.69	0.0083994
715.19	0.0085283
715.7	0.0082074
716.2	0.0081206
716.7	0.0082469
717.21	0.008084
717.71	0.0081784
718.22	0.0080217
718.72	0.0079047
719.22	0.0079732
719.73	0.0078322
720.23	0.007662
720.74	0.0077493
721.24	0.0075362
721.74	0.0077152
722.25	0.0075482
722.75	0.0077843
723.26	0.0073566
723.76	0.0073409
724.26	0.0072186
724.77	0.0071941
725.27	0.007057
725.78	0.0069011
726.28	0.0071881
726.78	0.0070961
727.29	0.0069121
727.79	0.0068059
728.3	0.0066303
728.8	0.0063732
729.3	0.0066322
729.81	0.0065396
730.31	0.0065542
730.82	0.0062987
731.32	0.0061858
731.82	0.006347
732.33	0.0062127
732.83	0.0064179
733.34	0.0063617
733.84	0.0063286
734.34	0.0058707
734.85	0.0065912
735.35	0.0060626
735.86	0.0060356
736.36	0.0058811
736.86	0.0060941
737.37	0.0060969
737.87	0.0060164
738.38	0.0060007
738.88	0.005987
739.38	0.0058824
739.89	0.0056693
740.39	0.0059534
740.9	0.0062165
741.4	0.0060256
741.9	0.0057977
742.41	0.0060168
742.91	0.0060516
743.42	0.0060046
743.92	0.0058091
744.42	0.0060886
744.93	0.0060059
745.43	0.005758
745.94	0.0056282
746.44	0.0060812
746.94	0.005901
747.45	0.0061129
747.95	0.0057971
748.46	0.0058164
748.96	0.0059634
749.46	0.0059622
749.97	0.0059176
750.47	0.0060087
750.98	0.0059138
751.48	0.0059977
751.98	0.0057173
752.49	0.0058126
752.99	0.0063516
753.5	0.0057234
754	0.0063592
754.5	0.0059506
755.01	0.0062463
755.51	0.005747
756.02	0.0057337
756.52	0.0059579
757.02	0.0058131
757.53	0.0061015
758.03	0.0055861
758.54	0.0059852
759.04	0.00557
759.54	0.00585
760.05	0.0060283
760.55	0.0057792
761.06	0.0057403
761.56	0.005425
762.06	0.0063915
762.57	0.005461
763.07	0.0057574
763.58	0.0055697
764.08	0.0057552
764.58	0.0055456
765.09	0.0055113
765.59	0.0063433
766.1	0.0058543
766.6	0.0058092
767.1	0.0053897
767.61	0.0053825
768.11	0.005624
768.62	0.005916
769.12	0.0053553
