376.5	0.027715
377.01	0.029731
377.51	0.028951
378.02	0.027432
378.52	0.029251
379.02	0.02799
379.53	0.027803
380.03	0.027144
380.54	0.026541
381.04	0.02618
381.54	0.026257
382.05	0.026427
382.55	0.025678
383.06	0.024511
383.56	0.024369
384.06	0.023749
384.57	0.023599
385.07	0.024189
385.58	0.022947
386.08	0.021973
386.58	0.021606
387.09	0.021969
387.59	0.020711
388.1	0.020668
388.6	0.019979
389.1	0.020663
389.61	0.020065
390.11	0.018608
390.62	0.019415
391.12	0.018887
391.62	0.017622
392.13	0.018418
392.63	0.017588
393.14	0.017791
393.64	0.018052
394.14	0.01721
394.65	0.016666
395.15	0.016689
395.66	0.016464
396.16	0.017231
396.66	0.016737
397.17	0.015714
397.67	0.016453
398.18	0.015977
398.68	0.016453
399.18	0.016276
399.69	0.015746
400.19	0.016104
400.7	0.016059
401.2	0.015745
401.7	0.015935
402.21	0.015861
402.71	0.016188
403.22	0.015963
403.72	0.015628
404.22	0.016347
404.73	0.016315
405.23	0.016367
405.74	0.016656
406.24	0.016495
406.74	0.016446
407.25	0.016607
407.75	0.01669
408.26	0.0169
408.76	0.016708
409.26	0.017473
409.77	0.01683
410.27	0.017569
410.78	0.017441
411.28	0.017415
411.78	0.0174
412.29	0.017207
412.79	0.01707
413.3	0.017096
413.8	0.017184
414.3	0.01746
414.81	0.017382
415.31	0.01723
415.82	0.017633
416.32	0.017427
416.82	0.017429
417.33	0.017136
417.83	0.017036
418.34	0.017552
418.84	0.017225
419.34	0.016968
419.85	0.017338
420.35	0.017211
420.86	0.016991
421.36	0.017275
421.86	0.016518
422.37	0.017004
422.87	0.01694
423.38	0.016975
423.88	0.016683
424.38	0.016896
424.89	0.01691
425.39	0.016781
425.9	0.01686
426.4	0.016576
426.9	0.016841
427.41	0.016987
427.91	0.016742
428.42	0.01684
428.92	0.016747
429.42	0.016906
429.93	0.016939
430.43	0.016849
430.94	0.016844
431.44	0.016825
431.94	0.017131
432.45	0.017273
432.95	0.017059
433.46	0.017102
433.96	0.017218
434.46	0.017119
434.97	0.017122
435.47	0.01718
435.98	0.017055
436.48	0.017042
436.98	0.017288
437.49	0.017228
437.99	0.017092
438.5	0.017208
439	0.016971
439.5	0.017021
440.01	0.017076
440.51	0.016937
441.02	0.017063
441.52	0.017055
442.02	0.016958
442.53	0.01687
443.03	0.016824
443.54	0.017014
444.04	0.016658
444.54	0.016759
445.05	0.016791
445.55	0.016868
446.06	0.016747
446.56	0.016753
447.06	0.01676
447.57	0.016844
448.07	0.016705
448.58	0.016625
449.08	0.016553
449.58	0.016641
450.09	0.016605
450.59	0.016738
451.1	0.016653
451.6	0.01665
452.1	0.016624
452.61	0.016658
453.11	0.016633
453.62	0.01671
454.12	0.016678
454.62	0.01681
455.13	0.016776
455.63	0.016778
456.14	0.016685
456.64	0.016693
457.14	0.016572
457.65	0.016615
458.15	0.016541
458.66	0.016553
459.16	0.016598
459.66	0.016742
460.17	0.016592
460.67	0.0166
461.18	0.016665
461.68	0.016654
462.18	0.016561
462.69	0.016593
463.19	0.016608
463.7	0.016553
464.2	0.016588
464.7	0.016636
465.21	0.016446
465.71	0.016466
466.22	0.01649
466.72	0.016358
467.22	0.01651
467.73	0.016405
468.23	0.01655
468.74	0.016414
469.24	0.01639
469.74	0.016369
470.25	0.016371
470.75	0.016382
471.26	0.016273
471.76	0.016285
472.26	0.016293
472.77	0.016353
473.27	0.016272
473.78	0.016286
474.28	0.016233
474.78	0.016216
475.29	0.016243
475.79	0.016082
476.3	0.016135
476.8	0.016074
477.3	0.016106
477.81	0.016017
478.31	0.016058
478.82	0.016053
479.32	0.015973
479.82	0.015989
480.33	0.015933
480.83	0.01603
481.34	0.015944
481.84	0.015893
482.34	0.01596
482.85	0.0159
483.35	0.015922
483.86	0.015957
484.36	0.015877
484.86	0.015786
485.37	0.015781
485.87	0.015813
486.38	0.015781
486.88	0.015746
487.38	0.01583
487.89	0.015692
488.39	0.015748
488.9	0.015762
489.4	0.015678
489.9	0.015693
490.41	0.015661
490.91	0.01569
491.42	0.015658
491.92	0.015678
492.42	0.015659
492.93	0.015585
493.43	0.015633
493.94	0.015537
494.44	0.015582
494.94	0.015546
495.45	0.015465
495.95	0.015559
496.46	0.015452
496.96	0.01546
497.46	0.0154
497.97	0.015401
498.47	0.015382
498.98	0.015334
499.48	0.015361
499.98	0.015326
500.49	0.015301
500.99	0.015313
501.5	0.015336
502	0.015229
502.5	0.015265
503.01	0.015223
503.51	0.015212
504.02	0.015174
504.52	0.015183
505.02	0.015217
505.53	0.015203
506.03	0.01517
506.54	0.015111
507.04	0.015107
507.54	0.015053
508.05	0.015063
508.55	0.01504
509.06	0.015016
509.56	0.014985
510.06	0.015088
510.57	0.01502
511.07	0.014979
511.58	0.014945
512.08	0.014949
512.58	0.014944
513.09	0.014916
513.59	0.01484
514.1	0.014794
514.6	0.014835
515.1	0.014778
515.61	0.014784
516.11	0.014737
516.62	0.014755
517.12	0.014677
517.62	0.014775
518.13	0.014723
518.63	0.014668
519.14	0.014665
519.64	0.014629
520.14	0.014629
520.65	0.014618
521.15	0.014637
521.66	0.014556
522.16	0.014591
522.66	0.014529
523.17	0.014553
523.67	0.014479
524.18	0.01456
524.68	0.014457
525.18	0.014458
525.69	0.014421
526.19	0.014365
526.7	0.01443
527.2	0.014417
527.7	0.014326
528.21	0.014393
528.71	0.014281
529.22	0.014336
529.72	0.014351
530.22	0.014298
530.73	0.01432
531.23	0.014265
531.74	0.01425
532.24	0.014239
532.74	0.014229
533.25	0.014174
533.75	0.014203
534.26	0.014194
534.76	0.014148
535.26	0.014236
535.77	0.014161
536.27	0.014147
536.78	0.014125
537.28	0.014179
537.78	0.014121
538.29	0.014035
538.79	0.014081
539.3	0.014094
539.8	0.014088
540.3	0.014105
540.81	0.014018
541.31	0.014076
541.82	0.014049
542.32	0.014051
542.82	0.014018
543.33	0.014013
543.83	0.01398
544.34	0.013988
544.84	0.013959
545.34	0.013986
545.85	0.013963
546.35	0.013878
546.86	0.013849
547.36	0.013932
547.86	0.013872
548.37	0.013892
548.87	0.013877
549.38	0.013799
549.88	0.01379
550.38	0.013764
550.89	0.013827
551.39	0.01378
551.9	0.013805
552.4	0.013744
552.9	0.013802
553.41	0.013737
553.91	0.013703
554.42	0.013697
554.92	0.013681
555.42	0.013672
555.93	0.013724
556.43	0.013706
556.94	0.013686
557.44	0.013564
557.94	0.013607
558.45	0.013588
558.95	0.013551
559.46	0.013572
559.96	0.013505
560.46	0.013538
560.97	0.013496
561.47	0.013519
561.98	0.013442
562.48	0.013444
562.98	0.01346
563.49	0.013434
563.99	0.013434
564.5	0.013404
565	0.013393
565.5	0.01336
566.01	0.013351
566.51	0.013342
567.02	0.013359
567.52	0.013306
568.02	0.013257
568.53	0.013274
569.03	0.013281
569.54	0.013214
570.04	0.013254
570.54	0.013283
571.05	0.013171
571.55	0.013189
572.06	0.013193
572.56	0.013163
573.06	0.013152
573.57	0.013133
574.07	0.013143
574.58	0.013118
575.08	0.013092
575.58	0.013091
576.09	0.013048
576.59	0.013086
577.1	0.013059
577.6	0.013058
578.1	0.013043
578.61	0.012974
579.11	0.012958
579.62	0.013003
580.12	0.013011
580.62	0.012963
581.13	0.012981
581.63	0.012963
582.14	0.012917
582.64	0.012963
583.14	0.012944
583.65	0.012891
584.15	0.012872
584.66	0.012919
585.16	0.012874
585.66	0.012882
586.17	0.012895
586.67	0.012814
587.18	0.012835
587.68	0.012814
588.18	0.012871
588.69	0.012856
589.19	0.012836
589.7	0.012793
590.2	0.012772
590.7	0.012771
591.21	0.012836
591.71	0.01269
592.22	0.012766
592.72	0.012728
593.22	0.012711
593.73	0.012716
594.23	0.012698
594.74	0.012666
595.24	0.012619
595.74	0.012684
596.25	0.012667
596.75	0.0126
597.26	0.01263
597.76	0.012595
598.26	0.012591
598.77	0.012599
599.27	0.012563
599.78	0.012588
600.28	0.012542
600.78	0.012582
601.29	0.012517
601.79	0.012534
602.3	0.012521
602.8	0.012457
603.3	0.012475
603.81	0.012503
604.31	0.012473
604.82	0.012516
605.32	0.012493
605.82	0.012409
606.33	0.012396
606.83	0.012379
607.34	0.012358
607.84	0.012359
608.34	0.01232
608.85	0.012373
609.35	0.012307
609.86	0.012355
610.36	0.012291
610.86	0.012304
611.37	0.012272
611.87	0.012252
612.38	0.012233
612.88	0.012235
613.38	0.012182
613.89	0.012226
614.39	0.01215
614.9	0.012161
615.4	0.012121
615.9	0.012094
616.41	0.012105
616.91	0.01208
617.42	0.012018
617.92	0.012018
618.42	0.012037
618.93	0.011999
619.43	0.011977
619.94	0.01196
620.44	0.011949
620.94	0.011939
621.45	0.011945
621.95	0.011852
622.46	0.01189
622.96	0.011841
623.46	0.011877
623.97	0.011822
624.47	0.011861
624.98	0.011829
625.48	0.011757
625.98	0.01175
626.49	0.01181
626.99	0.011754
627.5	0.011788
628	0.011713
628.5	0.011736
629.01	0.011701
629.51	0.011717
630.02	0.011732
630.52	0.011727
631.02	0.01165
631.53	0.011685
632.03	0.011662
632.54	0.011647
633.04	0.011677
633.54	0.01165
634.05	0.011621
634.55	0.011572
635.06	0.011556
635.56	0.011564
636.06	0.011503
636.57	0.011504
637.07	0.011483
637.58	0.011468
638.08	0.011438
638.58	0.01144
639.09	0.011377
639.59	0.011424
640.1	0.011341
640.6	0.011388
641.1	0.011379
641.61	0.011313
642.11	0.011292
642.62	0.011296
643.12	0.011284
643.62	0.011231
644.13	0.011248
644.63	0.011133
645.14	0.01117
645.64	0.011186
646.14	0.011128
646.65	0.011097
647.15	0.011121
647.66	0.011106
648.16	0.011058
648.66	0.010977
649.17	0.011015
649.67	0.01103
650.18	0.011006
650.68	0.010912
651.18	0.010945
651.69	0.010966
652.19	0.01088
652.7	0.010861
653.2	0.010882
653.7	0.01082
654.21	0.010845
654.71	0.010781
655.22	0.010772
655.72	0.01076
656.22	0.010737
656.73	0.010735
657.23	0.010766
657.74	0.010763
658.24	0.010751
658.74	0.010664
659.25	0.01074
659.75	0.010625
660.26	0.010687
660.76	0.010617
661.26	0.010593
661.77	0.010602
662.27	0.010561
662.78	0.010556
663.28	0.010525
663.78	0.010452
664.29	0.0105
664.79	0.010438
665.3	0.010437
665.8	0.010442
666.3	0.010401
666.81	0.010399
667.31	0.010424
667.82	0.010296
668.32	0.010237
668.82	0.010268
669.33	0.010328
669.83	0.010297
670.34	0.010224
670.84	0.010279
671.34	0.010223
671.85	0.010137
672.35	0.010106
672.86	0.010076
673.36	0.010084
673.86	0.01009
674.37	0.010123
674.87	0.010007
675.38	0.010042
675.88	0.010002
676.38	0.010082
676.89	0.0099942
677.39	0.010017
677.9	0.0098654
678.4	0.010008
678.9	0.0098739
679.41	0.0098848
679.91	0.0098751
680.42	0.0098148
680.92	0.0098447
681.42	0.0098512
681.93	0.0097475
682.43	0.0098119
682.94	0.0098338
683.44	0.009763
683.94	0.0097118
684.45	0.0096969
684.95	0.0096414
685.46	0.0095862
685.96	0.009531
686.46	0.0096453
686.97	0.009638
687.47	0.0096123
687.98	0.0094873
688.48	0.0095231
688.98	0.0095026
689.49	0.0095756
689.99	0.0093684
690.5	0.0094119
691	0.0093763
691.5	0.0092038
692.01	0.0092548
692.51	0.0091056
693.02	0.0091858
693.52	0.0090392
694.02	0.0090436
694.53	0.0090626
695.03	0.0089893
695.54	0.0089125
696.04	0.0088149
696.54	0.0088562
697.05	0.0089288
697.55	0.0087617
698.06	0.008735
698.56	0.0087994
699.06	0.0086901
699.57	0.0086256
700.07	0.0086131
700.58	0.0085947
701.08	0.0086265
701.58	0.0086303
702.09	0.0085355
702.59	0.0085807
703.1	0.0084644
703.6	0.0085776
704.1	0.0085709
704.61	0.0084432
705.11	0.0085474
705.62	0.0085691
706.12	0.0085842
706.62	0.0085138
707.13	0.0084129
707.63	0.0084747
708.14	0.0085236
708.64	0.0085057
709.14	0.0086339
709.65	0.0084117
710.15	0.0086469
710.66	0.0084049
711.16	0.0083447
711.66	0.0084167
712.17	0.0083666
712.67	0.0084384
713.18	0.0082572
713.68	0.0084796
714.18	0.0083823
714.69	0.0084182
715.19	0.0084806
715.7	0.008188
716.2	0.0082311
716.7	0.0082071
717.21	0.0080967
717.71	0.0082039
718.22	0.0082033
718.72	0.0079993
719.22	0.0078424
719.73	0.0078538
720.23	0.0078954
720.74	0.0079387
721.24	0.0077341
721.74	0.0078268
722.25	0.0077256
722.75	0.0078963
723.26	0.0075268
723.76	0.0074862
724.26	0.0071847
724.77	0.0072908
725.27	0.0069937
725.78	0.007068
726.28	0.0070418
726.78	0.0071357
727.29	0.0069791
727.79	0.0069417
728.3	0.0066924
728.8	0.0065623
729.3	0.0067174
729.81	0.0065576
730.31	0.0066346
730.82	0.0064949
731.32	0.0063702
731.82	0.0066024
732.33	0.0063135
732.83	0.006367
733.34	0.0064894
733.84	0.0062962
734.34	0.0061202
734.85	0.0064665
735.35	0.0062435
735.86	0.0062967
736.36	0.0060901
736.86	0.0061073
737.37	0.0062133
737.87	0.0061024
738.38	0.0061843
738.88	0.0062349
739.38	0.005925
739.89	0.0057986
740.39	0.0061091
740.9	0.0062762
741.4	0.0060457
741.9	0.0060827
742.41	0.0062496
742.91	0.0060464
743.42	0.0062594
743.92	0.0060029
744.42	0.0061433
744.93	0.0061611
745.43	0.0059156
745.94	0.005731
746.44	0.0060234
746.94	0.0058366
747.45	0.0059643
747.95	0.0059656
748.46	0.0061903
748.96	0.0060068
749.46	0.0061009
749.97	0.0058729
750.47	0.0057885
750.98	0.0059467
751.48	0.0059444
751.98	0.0057987
752.49	0.0059835
752.99	0.0063167
753.5	0.0060692
754	0.0065525
754.5	0.0062184
755.01	0.0060185
755.51	0.0056947
756.02	0.0060287
756.52	0.0062033
757.02	0.0060622
757.53	0.0062666
758.03	0.0056738
758.54	0.0059689
759.04	0.0057763
759.54	0.0059166
760.05	0.0063229
760.55	0.0060282
761.06	0.0060092
761.56	0.0056888
762.06	0.0062397
762.57	0.0056874
763.07	0.0061338
763.58	0.0062332
764.08	0.0057552
764.58	0.0053923
765.09	0.0057631
765.59	0.0065403
766.1	0.0062731
766.6	0.0063861
767.1	0.006057
767.61	0.0060932
768.11	0.0058139
768.62	0.0059803
769.12	0.0049867
