376.5	0.027484
377.01	0.029176
377.51	0.027984
378.02	0.026818
378.52	0.027443
379.02	0.027141
379.53	0.027536
380.03	0.025415
380.54	0.025836
381.04	0.025754
381.54	0.025757
382.05	0.026323
382.55	0.025576
383.06	0.024627
383.56	0.023794
384.06	0.0242
384.57	0.02319
385.07	0.023618
385.58	0.022384
386.08	0.021928
386.58	0.021488
387.09	0.021882
387.59	0.020173
388.1	0.02053
388.6	0.019358
389.1	0.020185
389.61	0.01965
390.11	0.017872
390.62	0.018937
391.12	0.018554
391.62	0.017767
392.13	0.018728
392.63	0.017576
393.14	0.017963
393.64	0.017261
394.14	0.017033
394.65	0.016525
395.15	0.016625
395.66	0.016443
396.16	0.016123
396.66	0.016284
397.17	0.015566
397.67	0.01623
398.18	0.015721
398.68	0.016238
399.18	0.01547
399.69	0.015503
400.19	0.015671
400.7	0.015721
401.2	0.01566
401.7	0.015042
402.21	0.015525
402.71	0.015656
403.22	0.015599
403.72	0.015565
404.22	0.015659
404.73	0.015826
405.23	0.015992
405.74	0.015885
406.24	0.016138
406.74	0.016122
407.25	0.016171
407.75	0.01608
408.26	0.016127
408.76	0.016228
409.26	0.016919
409.77	0.016551
410.27	0.016764
410.78	0.016829
411.28	0.017036
411.78	0.016884
412.29	0.016683
412.79	0.016776
413.3	0.016503
413.8	0.016866
414.3	0.017209
414.81	0.016963
415.31	0.01697
415.82	0.017176
416.32	0.016868
416.82	0.017121
417.33	0.017017
417.83	0.016929
418.34	0.01724
418.84	0.017002
419.34	0.016591
419.85	0.016884
420.35	0.017121
420.86	0.016733
421.36	0.016842
421.86	0.016324
422.37	0.016762
422.87	0.016861
423.38	0.016638
423.88	0.016764
424.38	0.01674
424.89	0.016603
425.39	0.01663
425.9	0.016565
426.4	0.016331
426.9	0.016502
427.41	0.016319
427.91	0.016561
428.42	0.016572
428.92	0.016469
429.42	0.016537
429.93	0.016569
430.43	0.01651
430.94	0.01667
431.44	0.016591
431.94	0.016902
432.45	0.016839
432.95	0.01669
433.46	0.016569
433.96	0.017032
434.46	0.016847
434.97	0.016635
435.47	0.016742
435.98	0.016787
436.48	0.016789
436.98	0.016767
437.49	0.016768
437.99	0.016801
438.5	0.016787
439	0.016574
439.5	0.016664
440.01	0.01651
440.51	0.016718
441.02	0.016784
441.52	0.016681
442.02	0.016729
442.53	0.016576
443.03	0.016515
443.54	0.016721
444.04	0.016542
444.54	0.016514
445.05	0.016505
445.55	0.0165
446.06	0.016488
446.56	0.016339
447.06	0.01646
447.57	0.016648
448.07	0.016531
448.58	0.016546
449.08	0.016464
449.58	0.016307
450.09	0.016348
450.59	0.016605
451.1	0.016527
451.6	0.016447
452.1	0.016482
452.61	0.016477
453.11	0.016357
453.62	0.016469
454.12	0.016498
454.62	0.016563
455.13	0.016555
455.63	0.016533
456.14	0.016571
456.64	0.016541
457.14	0.016425
457.65	0.016357
458.15	0.016362
458.66	0.016375
459.16	0.016451
459.66	0.016514
460.17	0.016483
460.67	0.016364
461.18	0.016448
461.68	0.016421
462.18	0.016308
462.69	0.01641
463.19	0.016503
463.7	0.016394
464.2	0.016377
464.7	0.016381
465.21	0.016388
465.71	0.016404
466.22	0.016319
466.72	0.016253
467.22	0.016335
467.73	0.016234
468.23	0.016355
468.74	0.016301
469.24	0.01624
469.74	0.016287
470.25	0.016264
470.75	0.016184
471.26	0.016198
471.76	0.016235
472.26	0.016176
472.77	0.016217
473.27	0.016147
473.78	0.016219
474.28	0.01616
474.78	0.016151
475.29	0.016075
475.79	0.016062
476.3	0.016039
476.8	0.016023
477.3	0.015992
477.81	0.015944
478.31	0.01602
478.82	0.015992
479.32	0.015916
479.82	0.015926
480.33	0.015863
480.83	0.015926
481.34	0.015957
481.84	0.015856
482.34	0.015871
482.85	0.015808
483.35	0.015778
483.86	0.015848
484.36	0.015767
484.86	0.015714
485.37	0.01575
485.87	0.015803
486.38	0.015696
486.88	0.015721
487.38	0.015734
487.89	0.015663
488.39	0.015603
488.9	0.015678
489.4	0.015585
489.9	0.015632
490.41	0.015499
490.91	0.01552
491.42	0.01553
491.92	0.015499
492.42	0.015563
492.93	0.015502
493.43	0.015434
493.94	0.0154
494.44	0.015479
494.94	0.015443
495.45	0.015307
495.95	0.015409
496.46	0.015304
496.96	0.015369
497.46	0.015289
497.97	0.015261
498.47	0.015319
498.98	0.015258
499.48	0.015172
499.98	0.015177
500.49	0.01517
500.99	0.015189
501.5	0.015139
502	0.015114
502.5	0.015099
503.01	0.01508
503.51	0.015112
504.02	0.015113
504.52	0.015087
505.02	0.015095
505.53	0.015
506.03	0.015009
506.54	0.015035
507.04	0.014971
507.54	0.01492
508.05	0.014953
508.55	0.014964
509.06	0.014945
509.56	0.014854
510.06	0.014848
510.57	0.014898
511.07	0.014832
511.58	0.014827
512.08	0.014772
512.58	0.014803
513.09	0.014827
513.59	0.014726
514.1	0.014724
514.6	0.014726
515.1	0.014667
515.61	0.014706
516.11	0.014602
516.62	0.014613
517.12	0.014575
517.62	0.01464
518.13	0.014637
518.63	0.01452
519.14	0.014559
519.64	0.014539
520.14	0.014521
520.65	0.014496
521.15	0.014485
521.66	0.014467
522.16	0.014481
522.66	0.014487
523.17	0.014474
523.67	0.014453
524.18	0.014482
524.68	0.014395
525.18	0.014391
525.69	0.014355
526.19	0.014362
526.7	0.014386
527.2	0.014329
527.7	0.014313
528.21	0.01434
528.71	0.014279
529.22	0.014303
529.72	0.014255
530.22	0.01423
530.73	0.014285
531.23	0.014212
531.74	0.014241
532.24	0.014182
532.74	0.01416
533.25	0.014151
533.75	0.014157
534.26	0.014146
534.76	0.014085
535.26	0.014126
535.77	0.014141
536.27	0.014127
536.78	0.014068
537.28	0.014093
537.78	0.014046
538.29	0.013964
538.79	0.014014
539.3	0.014032
539.8	0.01401
540.3	0.014021
540.81	0.013969
541.31	0.014009
541.82	0.013964
542.32	0.013982
542.82	0.014
543.33	0.013921
543.83	0.013888
544.34	0.013845
544.84	0.013884
545.34	0.013873
545.85	0.013873
546.35	0.013804
546.86	0.013773
547.36	0.013766
547.86	0.013774
548.37	0.013767
548.87	0.013756
549.38	0.013746
549.88	0.013708
550.38	0.013725
550.89	0.013765
551.39	0.013694
551.9	0.013672
552.4	0.013668
552.9	0.013731
553.41	0.013665
553.91	0.013631
554.42	0.013645
554.92	0.013661
555.42	0.013639
555.93	0.01362
556.43	0.013628
556.94	0.013616
557.44	0.013515
557.94	0.013516
558.45	0.013498
558.95	0.013498
559.46	0.013548
559.96	0.013434
560.46	0.013498
560.97	0.013461
561.47	0.013448
561.98	0.013388
562.48	0.013397
562.98	0.013405
563.49	0.013422
563.99	0.013357
564.5	0.013425
565	0.013335
565.5	0.013342
566.01	0.013297
566.51	0.013312
567.02	0.013261
567.52	0.013261
568.02	0.013219
568.53	0.013249
569.03	0.013262
569.54	0.013228
570.04	0.013189
570.54	0.0132
571.05	0.013151
571.55	0.013153
572.06	0.013161
572.56	0.013163
573.06	0.013056
573.57	0.013064
574.07	0.013083
574.58	0.013062
575.08	0.013024
575.58	0.012976
576.09	0.013007
576.59	0.01303
577.1	0.012978
577.6	0.013008
578.1	0.012976
578.61	0.012899
579.11	0.012936
579.62	0.012923
580.12	0.012974
580.62	0.012928
581.13	0.012951
581.63	0.012871
582.14	0.012878
582.64	0.012882
583.14	0.012899
583.65	0.012892
584.15	0.012833
584.66	0.012839
585.16	0.012842
585.66	0.012808
586.17	0.012854
586.67	0.012749
587.18	0.012776
587.68	0.012754
588.18	0.012799
588.69	0.012793
589.19	0.012786
589.7	0.012754
590.2	0.012726
590.7	0.012779
591.21	0.01278
591.71	0.012674
592.22	0.012696
592.72	0.012718
593.22	0.012718
593.73	0.012663
594.23	0.012641
594.74	0.012595
595.24	0.012615
595.74	0.012674
596.25	0.012618
596.75	0.012611
597.26	0.012603
597.76	0.012554
598.26	0.012603
598.77	0.012597
599.27	0.012543
599.78	0.012564
600.28	0.012535
600.78	0.012537
601.29	0.012489
601.79	0.012531
602.3	0.012517
602.8	0.012455
603.3	0.01246
603.81	0.012527
604.31	0.012466
604.82	0.012486
605.32	0.012419
605.82	0.012415
606.33	0.012414
606.83	0.012413
607.34	0.012356
607.84	0.012368
608.34	0.012329
608.85	0.012373
609.35	0.012294
609.86	0.012334
610.36	0.01225
610.86	0.012318
611.37	0.01227
611.87	0.012256
612.38	0.012216
612.88	0.012264
613.38	0.012209
613.89	0.012171
614.39	0.012146
614.9	0.012161
615.4	0.012119
615.9	0.012116
616.41	0.012131
616.91	0.012075
617.42	0.012074
617.92	0.012076
618.42	0.012048
618.93	0.012034
619.43	0.011988
619.94	0.011966
620.44	0.011996
620.94	0.011923
621.45	0.011921
621.95	0.011894
622.46	0.011855
622.96	0.011881
623.46	0.011899
623.97	0.01183
624.47	0.011786
624.98	0.011867
625.48	0.011822
625.98	0.011823
626.49	0.011781
626.99	0.0118
627.5	0.011764
628	0.01172
628.5	0.011771
629.01	0.011721
629.51	0.011728
630.02	0.011744
630.52	0.011773
631.02	0.01166
631.53	0.011684
632.03	0.011686
632.54	0.011658
633.04	0.011703
633.54	0.011641
634.05	0.011628
634.55	0.011594
635.06	0.011586
635.56	0.011575
636.06	0.011534
636.57	0.011578
637.07	0.011544
637.58	0.011459
638.08	0.011456
638.58	0.011481
639.09	0.011456
639.59	0.011424
640.1	0.011402
640.6	0.011431
641.1	0.011445
641.61	0.011361
642.11	0.011388
642.62	0.011363
643.12	0.011392
643.62	0.011297
644.13	0.011334
644.63	0.011274
645.14	0.011269
645.64	0.011284
646.14	0.011302
646.65	0.01116
647.15	0.01123
647.66	0.011228
648.16	0.011189
648.66	0.011121
649.17	0.011149
649.67	0.011174
650.18	0.011123
650.68	0.011047
651.18	0.011016
651.69	0.011114
652.19	0.011025
652.7	0.011036
653.2	0.011
653.7	0.010988
654.21	0.010996
654.71	0.010959
655.22	0.010932
655.72	0.010908
656.22	0.01094
656.73	0.010885
657.23	0.010929
657.74	0.010894
658.24	0.010844
658.74	0.010829
659.25	0.010827
659.75	0.01078
660.26	0.010805
660.76	0.010732
661.26	0.010692
661.77	0.010708
662.27	0.01064
662.78	0.010623
663.28	0.010672
663.78	0.010529
664.29	0.010624
664.79	0.010556
665.3	0.010563
665.8	0.010501
666.3	0.01044
666.81	0.010508
667.31	0.010467
667.82	0.010436
668.32	0.010384
668.82	0.010428
669.33	0.010455
669.83	0.010448
670.34	0.01039
670.84	0.010377
671.34	0.0104
671.85	0.010276
672.35	0.010257
672.86	0.010325
673.36	0.010207
673.86	0.010276
674.37	0.010215
674.87	0.010219
675.38	0.010216
675.88	0.010182
676.38	0.010182
676.89	0.010149
677.39	0.010181
677.9	0.010072
678.4	0.010206
678.9	0.010059
679.41	0.010003
679.91	0.010025
680.42	0.010011
680.92	0.010032
681.42	0.0099932
681.93	0.0098586
682.43	0.0099526
682.94	0.0099356
683.44	0.0098265
683.94	0.0098523
684.45	0.0098495
684.95	0.0097928
685.46	0.0097046
685.96	0.0097601
686.46	0.0096594
686.97	0.0097077
687.47	0.0096852
687.98	0.0096358
688.48	0.0096661
688.98	0.0095855
689.49	0.0096699
689.99	0.0095301
690.5	0.0095544
691	0.0095243
691.5	0.009307
692.01	0.0093478
692.51	0.0092006
693.02	0.0093004
693.52	0.0092183
694.02	0.0091954
694.53	0.0091435
695.03	0.0091453
695.54	0.008998
696.04	0.0089543
696.54	0.009
697.05	0.0090664
697.55	0.0088913
698.06	0.0089274
698.56	0.0089285
699.06	0.0088753
699.57	0.0088631
700.07	0.0087842
700.58	0.0087844
701.08	0.0087459
701.58	0.0087511
702.09	0.0086783
702.59	0.0087546
703.1	0.0086034
703.6	0.0087235
704.1	0.0087421
704.61	0.0086379
705.11	0.0087004
705.62	0.0087538
706.12	0.0086881
706.62	0.0085577
707.13	0.0084496
707.63	0.0086353
708.14	0.008611
708.64	0.0086302
709.14	0.0087233
709.65	0.0084343
710.15	0.0087262
710.66	0.0084642
711.16	0.0083832
711.66	0.0084623
712.17	0.0084283
712.67	0.0083938
713.18	0.0083158
713.68	0.0082188
714.18	0.0084032
714.69	0.0085171
715.19	0.0083661
715.7	0.0081348
716.2	0.0082261
716.7	0.0082992
717.21	0.0080664
717.71	0.0082423
718.22	0.0082838
718.72	0.0079126
719.22	0.008024
719.73	0.0077511
720.23	0.0077444
720.74	0.0079415
721.24	0.0077002
721.74	0.0077524
722.25	0.0075802
722.75	0.0077607
723.26	0.0076284
723.76	0.0075377
724.26	0.0073203
724.77	0.0074375
725.27	0.0071013
725.78	0.0070809
726.28	0.0071913
726.78	0.0070961
727.29	0.0070327
727.79	0.0069655
728.3	0.0066786
728.8	0.0066674
729.3	0.0069235
729.81	0.0066982
730.31	0.0067953
730.82	0.0065652
731.32	0.0065095
731.82	0.0064881
732.33	0.0063018
732.83	0.0066647
733.34	0.0065213
733.84	0.0065149
734.34	0.0060548
734.85	0.0067491
735.35	0.006193
735.86	0.0062068
736.36	0.0061336
736.86	0.0063236
737.37	0.0064864
737.87	0.0062427
738.38	0.0061246
738.88	0.0062349
739.38	0.0059961
739.89	0.0057938
740.39	0.0061286
740.9	0.0063457
741.4	0.0061461
741.9	0.0059402
742.41	0.0062082
742.91	0.0062033
743.42	0.0062541
743.92	0.0060944
744.42	0.0060995
744.93	0.0061944
745.43	0.0057861
745.94	0.0059079
746.44	0.0060928
746.94	0.0057606
747.45	0.0060237
747.95	0.0057971
748.46	0.0060555
748.96	0.0060565
749.46	0.0060757
749.97	0.0060516
750.47	0.006054
750.98	0.0058875
751.48	0.0059577
751.98	0.0060497
752.49	0.0060177
752.99	0.0063516
753.5	0.0060833
754	0.006309
754.5	0.0061315
755.01	0.0058421
755.51	0.0059413
756.02	0.0055825
756.52	0.006004
757.02	0.0061322
757.53	0.0060229
758.03	0.0055065
758.54	0.0060502
759.04	0.0058176
759.54	0.0059333
760.05	0.0062556
760.55	0.0060626
761.06	0.0058357
761.56	0.0057503
762.06	0.0061951
762.57	0.0056693
763.07	0.0060696
763.58	0.0058968
764.08	0.0059253
764.58	0.0056509
765.09	0.0056662
765.59	0.0061463
766.1	0.006303
766.6	0.006457
767.1	0.0058003
767.61	0.0059051
768.11	0.0052547
768.62	0.005348
769.12	0.0057889
