376.5	0.029946
377.01	0.031849
377.51	0.02881
378.02	0.028858
378.52	0.029989
379.02	0.029291
379.53	0.030086
380.03	0.028109
380.54	0.028256
381.04	0.027885
381.54	0.027759
382.05	0.02806
382.55	0.026543
383.06	0.026372
383.56	0.025469
384.06	0.025264
384.57	0.024432
385.07	0.025732
385.58	0.023509
386.08	0.023194
386.58	0.022955
387.09	0.023206
387.59	0.021629
388.1	0.021962
388.6	0.020789
389.1	0.021896
389.61	0.021325
390.11	0.019701
390.62	0.020371
391.12	0.02049
391.62	0.019559
392.13	0.019992
392.63	0.019189
393.14	0.019866
393.64	0.019341
394.14	0.01904
394.65	0.018151
395.15	0.018713
395.66	0.018315
396.16	0.018564
396.66	0.018689
397.17	0.017656
397.67	0.01831
398.18	0.017914
398.68	0.018365
399.18	0.018347
399.69	0.01744
400.19	0.018197
400.7	0.018027
401.2	0.018172
401.7	0.018164
402.21	0.017741
402.71	0.018099
403.22	0.018068
403.72	0.017533
404.22	0.017962
404.73	0.018577
405.23	0.018605
405.74	0.018603
406.24	0.018761
406.74	0.01852
407.25	0.018794
407.75	0.018574
408.26	0.019114
408.76	0.018915
409.26	0.01932
409.77	0.018862
410.27	0.019066
410.78	0.019168
411.28	0.019493
411.78	0.019072
412.29	0.018922
412.79	0.019169
413.3	0.019156
413.8	0.019233
414.3	0.019652
414.81	0.019409
415.31	0.019021
415.82	0.019193
416.32	0.019323
416.82	0.019412
417.33	0.019348
417.83	0.019027
418.34	0.019457
418.84	0.019181
419.34	0.019005
419.85	0.01913
420.35	0.019052
420.86	0.018804
421.36	0.019125
421.86	0.018514
422.37	0.019054
422.87	0.019005
423.38	0.018949
423.88	0.018797
424.38	0.01879
424.89	0.018677
425.39	0.018933
425.9	0.018741
426.4	0.018541
426.9	0.018765
427.41	0.018869
427.91	0.018739
428.42	0.018755
428.92	0.018866
429.42	0.019008
429.93	0.01884
430.43	0.018759
430.94	0.018799
431.44	0.018955
431.94	0.019126
432.45	0.019249
432.95	0.018954
433.46	0.018812
433.96	0.019043
434.46	0.018955
434.97	0.018931
435.47	0.018996
435.98	0.018881
436.48	0.01888
436.98	0.019043
437.49	0.018831
437.99	0.018861
438.5	0.018927
439	0.018686
439.5	0.018815
440.01	0.018821
440.51	0.01877
441.02	0.018858
441.52	0.018774
442.02	0.018882
442.53	0.018788
443.03	0.018735
443.54	0.018839
444.04	0.018474
444.54	0.018839
445.05	0.018674
445.55	0.018733
446.06	0.018576
446.56	0.018657
447.06	0.018613
447.57	0.018702
448.07	0.01857
448.58	0.018544
449.08	0.018518
449.58	0.018516
450.09	0.018463
450.59	0.018655
451.1	0.018497
451.6	0.018562
452.1	0.018428
452.61	0.018577
453.11	0.018474
453.62	0.018571
454.12	0.018507
454.62	0.018675
455.13	0.018547
455.63	0.018523
456.14	0.018509
456.64	0.018502
457.14	0.018449
457.65	0.018504
458.15	0.018391
458.66	0.018492
459.16	0.018508
459.66	0.018512
460.17	0.018472
460.67	0.018511
461.18	0.018462
461.68	0.018487
462.18	0.018396
462.69	0.01841
463.19	0.018443
463.7	0.018415
464.2	0.018405
464.7	0.018414
465.21	0.018405
465.71	0.018429
466.22	0.018371
466.72	0.018313
467.22	0.018333
467.73	0.018247
468.23	0.018269
468.74	0.018224
469.24	0.018184
469.74	0.018268
470.25	0.018125
470.75	0.018194
471.26	0.018058
471.76	0.018134
472.26	0.018127
472.77	0.018116
473.27	0.018067
473.78	0.018089
474.28	0.018071
474.78	0.017978
475.29	0.017934
475.79	0.017958
476.3	0.01792
476.8	0.017888
477.3	0.017755
477.81	0.017853
478.31	0.017801
478.82	0.017795
479.32	0.017756
479.82	0.017752
480.33	0.017701
480.83	0.017768
481.34	0.017736
481.84	0.017724
482.34	0.017632
482.85	0.017707
483.35	0.017645
483.86	0.017684
484.36	0.017673
484.86	0.017593
485.37	0.017634
485.87	0.017699
486.38	0.017583
486.88	0.01762
487.38	0.017609
487.89	0.017575
488.39	0.017506
488.9	0.017527
489.4	0.017501
489.9	0.017514
490.41	0.017429
490.91	0.017485
491.42	0.017404
491.92	0.017457
492.42	0.0175
492.93	0.017403
493.43	0.017388
493.94	0.01734
494.44	0.01736
494.94	0.01737
495.45	0.017281
495.95	0.017295
496.46	0.017273
496.96	0.017265
497.46	0.017189
497.97	0.017214
498.47	0.01716
498.98	0.017139
499.48	0.017132
499.98	0.017096
500.49	0.017146
500.99	0.017123
501.5	0.017058
502	0.017019
502.5	0.01698
503.01	0.017003
503.51	0.016976
504.02	0.016983
504.52	0.016944
505.02	0.016868
505.53	0.016948
506.03	0.016886
506.54	0.016862
507.04	0.016871
507.54	0.016775
508.05	0.016775
508.55	0.016752
509.06	0.016743
509.56	0.016714
510.06	0.01673
510.57	0.016676
511.07	0.016638
511.58	0.01667
512.08	0.016635
512.58	0.016579
513.09	0.01664
513.59	0.016511
514.1	0.016517
514.6	0.01653
515.1	0.01651
515.61	0.016465
516.11	0.016447
516.62	0.016398
517.12	0.016366
517.62	0.016378
518.13	0.016437
518.63	0.016319
519.14	0.016403
519.64	0.016353
520.14	0.016328
520.65	0.016299
521.15	0.016286
521.66	0.016219
522.16	0.016303
522.66	0.016266
523.17	0.016269
523.67	0.016202
524.18	0.01623
524.68	0.016154
525.18	0.016213
525.69	0.016135
526.19	0.016148
526.7	0.016167
527.2	0.016106
527.7	0.016055
528.21	0.016113
528.71	0.016046
529.22	0.01606
529.72	0.016066
530.22	0.016087
530.73	0.016015
531.23	0.016036
531.74	0.015972
532.24	0.015974
532.74	0.015945
533.25	0.015939
533.75	0.015938
534.26	0.015967
534.76	0.015879
535.26	0.015896
535.77	0.015864
536.27	0.015794
536.78	0.015826
537.28	0.01587
537.78	0.015834
538.29	0.015813
538.79	0.015821
539.3	0.015799
539.8	0.015762
540.3	0.015787
540.81	0.015776
541.31	0.015781
541.82	0.015719
542.32	0.015712
542.82	0.015754
543.33	0.015723
543.83	0.015679
544.34	0.01569
544.84	0.015689
545.34	0.015704
545.85	0.015646
546.35	0.015613
546.86	0.015564
547.36	0.015595
547.86	0.015515
548.37	0.015593
548.87	0.015533
549.38	0.015513
549.88	0.015495
550.38	0.015487
550.89	0.015554
551.39	0.015483
551.9	0.015488
552.4	0.015457
552.9	0.015466
553.41	0.015429
553.91	0.015385
554.42	0.015412
554.92	0.015396
555.42	0.01537
555.93	0.015368
556.43	0.0154
556.94	0.015381
557.44	0.015335
557.94	0.015322
558.45	0.015303
558.95	0.015274
559.46	0.015293
559.96	0.015242
560.46	0.015309
560.97	0.015265
561.47	0.015226
561.98	0.01518
562.48	0.015201
562.98	0.015161
563.49	0.015212
563.99	0.015133
564.5	0.015196
565	0.015141
565.5	0.015113
566.01	0.015084
566.51	0.015102
567.02	0.015048
567.52	0.015035
568.02	0.014985
568.53	0.015017
569.03	0.015004
569.54	0.015005
570.04	0.015003
570.54	0.01494
571.05	0.014924
571.55	0.014952
572.06	0.0149
572.56	0.014906
573.06	0.014858
573.57	0.014874
574.07	0.014869
574.58	0.014896
575.08	0.014846
575.58	0.014806
576.09	0.014812
576.59	0.014806
577.1	0.014777
577.6	0.014769
578.1	0.014746
578.61	0.014714
579.11	0.014702
579.62	0.014712
580.12	0.014723
580.62	0.01474
581.13	0.014692
581.63	0.014693
582.14	0.014672
582.64	0.014642
583.14	0.014658
583.65	0.014641
584.15	0.014646
584.66	0.014652
585.16	0.014616
585.66	0.014615
586.17	0.014649
586.67	0.014601
587.18	0.014566
587.68	0.014568
588.18	0.014576
588.69	0.014581
589.19	0.014568
589.7	0.014518
590.2	0.014539
590.7	0.014509
591.21	0.014537
591.71	0.014496
592.22	0.014471
592.72	0.01449
593.22	0.01445
593.73	0.01445
594.23	0.014431
594.74	0.014383
595.24	0.014384
595.74	0.014427
596.25	0.014369
596.75	0.014364
597.26	0.014333
597.76	0.014398
598.26	0.014362
598.77	0.01433
599.27	0.0143
599.78	0.014326
600.28	0.014293
600.78	0.014346
601.29	0.014288
601.79	0.014263
602.3	0.014247
602.8	0.014218
603.3	0.014217
603.81	0.014282
604.31	0.014196
604.82	0.014224
605.32	0.01422
605.82	0.014177
606.33	0.014119
606.83	0.014163
607.34	0.014137
607.84	0.014136
608.34	0.014019
608.85	0.014089
609.35	0.014031
609.86	0.01404
610.36	0.01399
610.86	0.014005
611.37	0.013984
611.87	0.013986
612.38	0.013948
612.88	0.014027
613.38	0.01389
613.89	0.013954
614.39	0.013867
614.9	0.013875
615.4	0.0138
615.9	0.013868
616.41	0.013878
616.91	0.013815
617.42	0.01377
617.92	0.013754
618.42	0.013749
618.93	0.013751
619.43	0.013754
619.94	0.013704
620.44	0.013657
620.94	0.013656
621.45	0.013625
621.95	0.013617
622.46	0.01354
622.96	0.013584
623.46	0.013617
623.97	0.01356
624.47	0.013528
624.98	0.01355
625.48	0.013552
625.98	0.013513
626.49	0.013486
626.99	0.013493
627.5	0.013529
628	0.013494
628.5	0.013468
629.01	0.013439
629.51	0.013467
630.02	0.013439
630.52	0.013419
631.02	0.013388
631.53	0.01334
632.03	0.013378
632.54	0.013395
633.04	0.01341
633.54	0.013318
634.05	0.013329
634.55	0.013331
635.06	0.013313
635.56	0.013297
636.06	0.013274
636.57	0.01326
637.07	0.013234
637.58	0.013213
638.08	0.013235
638.58	0.013195
639.09	0.013165
639.59	0.013161
640.1	0.013161
640.6	0.013131
641.1	0.013126
641.61	0.013112
642.11	0.01306
642.62	0.013053
643.12	0.013092
643.62	0.01295
644.13	0.013015
644.63	0.012891
645.14	0.012989
645.64	0.012916
646.14	0.01286
646.65	0.012787
647.15	0.012857
647.66	0.012808
648.16	0.012747
648.66	0.01272
649.17	0.012715
649.67	0.012684
650.18	0.012762
650.68	0.012626
651.18	0.012633
651.69	0.012643
652.19	0.012606
652.7	0.012575
653.2	0.012535
653.7	0.012544
654.21	0.012529
654.71	0.012477
655.22	0.012382
655.72	0.012411
656.22	0.012387
656.73	0.012403
657.23	0.012348
657.74	0.012333
658.24	0.012391
658.74	0.012311
659.25	0.012302
659.75	0.012216
660.26	0.012273
660.76	0.012262
661.26	0.012206
661.77	0.012238
662.27	0.01223
662.78	0.012138
663.28	0.012085
663.78	0.012
664.29	0.01208
664.79	0.012019
665.3	0.011972
665.8	0.011962
666.3	0.01201
666.81	0.011961
667.31	0.011949
667.82	0.011872
668.32	0.011851
668.82	0.011879
669.33	0.01186
669.83	0.011852
670.34	0.011785
670.84	0.011847
671.34	0.011722
671.85	0.011671
672.35	0.01169
672.86	0.011652
673.36	0.011638
673.86	0.011655
674.37	0.011663
674.87	0.011622
675.38	0.011537
675.88	0.01151
676.38	0.011583
676.89	0.011516
677.39	0.011487
677.9	0.011408
678.4	0.011496
678.9	0.011355
679.41	0.011362
679.91	0.01135
680.42	0.011349
680.92	0.011301
681.42	0.01141
681.93	0.011264
682.43	0.011296
682.94	0.011309
683.44	0.011229
683.94	0.011177
684.45	0.011193
684.95	0.011033
685.46	0.011095
685.96	0.011009
686.46	0.011067
686.97	0.01105
687.47	0.011051
687.98	0.011015
688.48	0.011001
688.98	0.010972
689.49	0.011017
689.99	0.010968
690.5	0.010955
691	0.010823
691.5	0.010822
692.01	0.010776
692.51	0.010736
693.02	0.010735
693.52	0.01074
694.02	0.01056
694.53	0.010628
695.03	0.010588
695.54	0.010454
696.04	0.010471
696.54	0.010423
697.05	0.010425
697.55	0.010278
698.06	0.010306
698.56	0.010319
699.06	0.010185
699.57	0.01022
700.07	0.010054
700.58	0.010086
701.08	0.010063
701.58	0.010051
702.09	0.01002
702.59	0.010117
703.1	0.0099194
703.6	0.0099051
704.1	0.0099763
704.61	0.0099093
705.11	0.010029
705.62	0.010089
706.12	0.0099749
706.62	0.0098525
707.13	0.009805
707.63	0.0099117
708.14	0.0098814
708.64	0.0099002
709.14	0.009957
709.65	0.0097284
710.15	0.0098711
710.66	0.0097779
711.16	0.0096484
711.66	0.0097667
712.17	0.0097739
712.67	0.0097089
713.18	0.0096157
713.68	0.009738
714.18	0.0096374
714.69	0.0098323
715.19	0.0096713
715.7	0.0095648
716.2	0.009449
716.7	0.0096135
717.21	0.0093847
717.71	0.0096024
718.22	0.0095917
718.72	0.00934
719.22	0.0094797
719.73	0.0092646
720.23	0.0092466
720.74	0.0094367
721.24	0.009204
721.74	0.0092777
722.25	0.0091329
722.75	0.0091018
723.26	0.0090561
723.76	0.009133
724.26	0.0088053
724.77	0.0089006
725.27	0.0085886
725.78	0.0084996
726.28	0.0086315
726.78	0.0087214
727.29	0.008533
727.79	0.008633
728.3	0.0081739
728.8	0.0082677
729.3	0.008419
729.81	0.0082151
730.31	0.0081873
730.82	0.0082305
731.32	0.008136
731.82	0.0081044
732.33	0.0078676
732.83	0.0081144
733.34	0.0081366
733.84	0.008017
734.34	0.0076626
734.85	0.0082577
735.35	0.0078044
735.86	0.0077521
736.36	0.007592
736.86	0.0074356
737.37	0.0075831
737.87	0.0074967
738.38	0.0073505
738.88	0.0074838
739.38	0.007276
739.89	0.0072494
740.39	0.0075354
740.9	0.0076675
741.4	0.0073312
741.9	0.0072178
742.41	0.0073878
742.91	0.0073906
743.42	0.0073212
743.92	0.0071981
744.42	0.0072702
744.93	0.0071815
745.43	0.0070075
745.94	0.0068212
746.44	0.0071217
746.94	0.0069888
747.45	0.0071536
747.95	0.007001
748.46	0.0068216
748.96	0.0071734
749.46	0.0070085
749.97	0.0070092
750.47	0.0070899
750.98	0.0070321
751.48	0.0067116
751.98	0.0067618
752.49	0.0067015
752.99	0.0070418
753.5	0.0068666
754	0.0074405
754.5	0.0070871
755.01	0.0071134
755.51	0.0066289
756.02	0.0067171
756.52	0.0069854
757.02	0.0070894
757.53	0.0067934
758.03	0.0064627
758.54	0.0066194
759.04	0.0068491
759.54	0.0065833
760.05	0.0069796
760.55	0.0067839
761.06	0.0069977
761.56	0.0063306
762.06	0.0074359
762.57	0.0067379
763.07	0.006997
763.58	0.0067472
764.08	0.0067758
764.58	0.0061011
765.09	0.0067511
765.59	0.0068358
766.1	0.0067917
766.6	0.0069326
767.1	0.0069809
767.61	0.006689
768.11	0.0065736
768.62	0.0068377
769.12	0.0062009
