376.5	0.030114
377.01	0.0308
377.51	0.028568
378.02	0.02969
378.52	0.030553
379.02	0.029197
379.53	0.02942
380.03	0.028182
380.54	0.028021
381.04	0.026926
381.54	0.027207
382.05	0.027114
382.55	0.026458
383.06	0.025658
383.56	0.025732
384.06	0.024684
384.57	0.024243
385.07	0.024096
385.58	0.022871
386.08	0.022747
386.58	0.022119
387.09	0.022573
387.59	0.021304
388.1	0.021631
388.6	0.020613
389.1	0.020968
389.61	0.02052
390.11	0.019193
390.62	0.019428
391.12	0.019602
391.62	0.018433
392.13	0.019396
392.63	0.018079
393.14	0.018662
393.64	0.017973
394.14	0.017854
394.65	0.017452
395.15	0.016977
395.66	0.017081
396.16	0.017538
396.66	0.017472
397.17	0.016671
397.67	0.017304
398.18	0.017021
398.68	0.017096
399.18	0.017275
399.69	0.016962
400.19	0.017455
400.7	0.017204
401.2	0.016921
401.7	0.016461
402.21	0.016973
402.71	0.017027
403.22	0.017379
403.72	0.017137
404.22	0.017525
404.73	0.01775
405.23	0.017582
405.74	0.017942
406.24	0.018025
406.74	0.01802
407.25	0.018226
407.75	0.018235
408.26	0.018294
408.76	0.017969
409.26	0.018883
409.77	0.018316
410.27	0.018386
410.78	0.018378
411.28	0.01874
411.78	0.018431
412.29	0.018445
412.79	0.018433
413.3	0.01814
413.8	0.018225
414.3	0.018548
414.81	0.018624
415.31	0.018152
415.82	0.018626
416.32	0.018247
416.82	0.018378
417.33	0.018193
417.83	0.018214
418.34	0.018425
418.84	0.018113
419.34	0.017905
419.85	0.018209
420.35	0.018194
420.86	0.017815
421.36	0.018145
421.86	0.0174
422.37	0.017832
422.87	0.017922
423.38	0.017763
423.88	0.017776
424.38	0.017927
424.89	0.017839
425.39	0.01803
425.9	0.017802
426.4	0.017725
426.9	0.017972
427.41	0.018066
427.91	0.017822
428.42	0.018212
428.92	0.018099
429.42	0.018267
429.93	0.018336
430.43	0.018356
430.94	0.018368
431.44	0.018362
431.94	0.018614
432.45	0.018805
432.95	0.018618
433.46	0.018521
433.96	0.018686
434.46	0.018463
434.97	0.018656
435.47	0.018656
435.98	0.018285
436.48	0.018601
436.98	0.018523
437.49	0.018397
437.99	0.018357
438.5	0.018351
439	0.018024
439.5	0.018185
440.01	0.018214
440.51	0.018161
441.02	0.018247
441.52	0.018034
442.02	0.018095
442.53	0.017989
443.03	0.017868
443.54	0.018054
444.04	0.017866
444.54	0.017815
445.05	0.017848
445.55	0.017836
446.06	0.017858
446.56	0.017826
447.06	0.017773
447.57	0.017923
448.07	0.017838
448.58	0.01792
449.08	0.017767
449.58	0.017846
450.09	0.017736
450.59	0.018031
451.1	0.018025
451.6	0.017968
452.1	0.017985
452.61	0.018099
453.11	0.018033
453.62	0.018182
454.12	0.018037
454.62	0.018253
455.13	0.018218
455.63	0.018266
456.14	0.018265
456.64	0.018151
457.14	0.018013
457.65	0.018149
458.15	0.018089
458.66	0.018096
459.16	0.018074
459.66	0.018234
460.17	0.018109
460.67	0.018045
461.18	0.01799
461.68	0.017994
462.18	0.017926
462.69	0.017936
463.19	0.01792
463.7	0.017971
464.2	0.017802
464.7	0.0178
465.21	0.017763
465.71	0.017839
466.22	0.017806
466.72	0.017692
467.22	0.017689
467.73	0.01778
468.23	0.017684
468.74	0.017565
469.24	0.017593
469.74	0.017567
470.25	0.017571
470.75	0.017599
471.26	0.017545
471.76	0.017548
472.26	0.017554
472.77	0.017591
473.27	0.017522
473.78	0.017586
474.28	0.017536
474.78	0.017469
475.29	0.017475
475.79	0.017561
476.3	0.017445
476.8	0.017458
477.3	0.017448
477.81	0.017454
478.31	0.017454
478.82	0.017415
479.32	0.017414
479.82	0.017402
480.33	0.017365
480.83	0.01742
481.34	0.017421
481.84	0.017394
482.34	0.017342
482.85	0.017298
483.35	0.017311
483.86	0.017337
484.36	0.017297
484.86	0.017255
485.37	0.017233
485.87	0.017262
486.38	0.017272
486.88	0.017173
487.38	0.01721
487.89	0.017193
488.39	0.017166
488.9	0.017164
489.4	0.017134
489.9	0.017125
490.41	0.017078
490.91	0.017015
491.42	0.016985
491.92	0.017044
492.42	0.017067
492.93	0.017055
493.43	0.016991
493.94	0.016899
494.44	0.016897
494.94	0.016936
495.45	0.016815
495.95	0.016931
496.46	0.016801
496.96	0.016844
497.46	0.016765
497.97	0.016757
498.47	0.016774
498.98	0.016741
499.48	0.016686
499.98	0.016634
500.49	0.016622
500.99	0.016655
501.5	0.016597
502	0.016575
502.5	0.016508
503.01	0.016533
503.51	0.016572
504.02	0.016489
504.52	0.016449
505.02	0.016548
505.53	0.01654
506.03	0.016449
506.54	0.016439
507.04	0.016467
507.54	0.016387
508.05	0.016379
508.55	0.016345
509.06	0.01641
509.56	0.016322
510.06	0.016358
510.57	0.01632
511.07	0.016343
511.58	0.016271
512.08	0.016256
512.58	0.016282
513.09	0.01632
513.59	0.01621
514.1	0.016145
514.6	0.016243
515.1	0.01622
515.61	0.016183
516.11	0.016182
516.62	0.016112
517.12	0.016112
517.62	0.016158
518.13	0.01616
518.63	0.016058
519.14	0.016085
519.64	0.016054
520.14	0.016044
520.65	0.016009
521.15	0.016037
521.66	0.015991
522.16	0.015991
522.66	0.016015
523.17	0.016017
523.67	0.015945
524.18	0.015984
524.68	0.015899
525.18	0.015898
525.69	0.015877
526.19	0.015881
526.7	0.015901
527.2	0.015863
527.7	0.015814
528.21	0.01585
528.71	0.015773
529.22	0.015806
529.72	0.015754
530.22	0.015782
530.73	0.015756
531.23	0.015757
531.74	0.015741
532.24	0.015696
532.74	0.01569
533.25	0.015739
533.75	0.015676
534.26	0.01569
534.76	0.015634
535.26	0.015652
535.77	0.015596
536.27	0.015586
536.78	0.015573
537.28	0.015633
537.78	0.015557
538.29	0.015566
538.79	0.015551
539.3	0.015553
539.8	0.015582
540.3	0.015562
540.81	0.015537
541.31	0.01556
541.82	0.015544
542.32	0.015509
542.82	0.01552
543.33	0.015476
543.83	0.015447
544.34	0.015475
544.84	0.015409
545.34	0.015469
545.85	0.015439
546.35	0.015358
546.86	0.01538
547.36	0.015378
547.86	0.015369
548.37	0.015415
548.87	0.015304
549.38	0.01536
549.88	0.015284
550.38	0.015323
550.89	0.015375
551.39	0.015285
551.9	0.015236
552.4	0.015269
552.9	0.015245
553.41	0.015265
553.91	0.015188
554.42	0.015229
554.92	0.015214
555.42	0.015189
555.93	0.015211
556.43	0.015183
556.94	0.015226
557.44	0.015111
557.94	0.015109
558.45	0.015091
558.95	0.015127
559.46	0.015133
559.96	0.015044
560.46	0.015083
560.97	0.015113
561.47	0.015066
561.98	0.015018
562.48	0.015007
562.98	0.015031
563.49	0.014989
563.99	0.014956
564.5	0.014987
565	0.014953
565.5	0.014962
566.01	0.014922
566.51	0.0149
567.02	0.014883
567.52	0.014931
568.02	0.014873
568.53	0.014904
569.03	0.014853
569.54	0.014879
570.04	0.014829
570.54	0.014817
571.05	0.014798
571.55	0.014748
572.06	0.014784
572.56	0.014786
573.06	0.014721
573.57	0.014714
574.07	0.014746
574.58	0.014764
575.08	0.014734
575.58	0.014684
576.09	0.014681
576.59	0.014711
577.1	0.014651
577.6	0.014674
578.1	0.014615
578.61	0.014584
579.11	0.014594
579.62	0.014581
580.12	0.014675
580.62	0.014644
581.13	0.014612
581.63	0.014602
582.14	0.014541
582.64	0.014601
583.14	0.014538
583.65	0.014532
584.15	0.014522
584.66	0.014535
585.16	0.01453
585.66	0.014511
586.17	0.014566
586.67	0.014468
587.18	0.014494
587.68	0.014489
588.18	0.014503
588.69	0.014481
589.19	0.014495
589.7	0.014453
590.2	0.014487
590.7	0.014459
591.21	0.014487
591.71	0.014366
592.22	0.014407
592.72	0.014446
593.22	0.014383
593.73	0.014379
594.23	0.014387
594.74	0.014309
595.24	0.014297
595.74	0.014376
596.25	0.01433
596.75	0.01434
597.26	0.014309
597.76	0.014329
598.26	0.014352
598.77	0.014325
599.27	0.014261
599.78	0.014204
600.28	0.01425
600.78	0.014299
601.29	0.014174
601.79	0.014248
602.3	0.014199
602.8	0.014142
603.3	0.014177
603.81	0.014243
604.31	0.014174
604.82	0.014205
605.32	0.014123
605.82	0.014129
606.33	0.014096
606.83	0.014069
607.34	0.014049
607.84	0.014049
608.34	0.014007
608.85	0.014077
609.35	0.01402
609.86	0.014064
610.36	0.013975
610.86	0.013988
611.37	0.013964
611.87	0.013961
612.38	0.013851
612.88	0.013948
613.38	0.013867
613.89	0.013887
614.39	0.01383
614.9	0.013864
615.4	0.013768
615.9	0.013803
616.41	0.013792
616.91	0.013767
617.42	0.013713
617.92	0.013696
618.42	0.013709
618.93	0.013693
619.43	0.013653
619.94	0.013644
620.44	0.013638
620.94	0.013633
621.45	0.013626
621.95	0.013591
622.46	0.013523
622.96	0.013565
623.46	0.013528
623.97	0.013531
624.47	0.013434
624.98	0.013509
625.48	0.013453
625.98	0.013466
626.49	0.013461
626.99	0.013464
627.5	0.013458
628	0.013407
628.5	0.013381
629.01	0.013386
629.51	0.013346
630.02	0.01333
630.52	0.013393
631.02	0.013335
631.53	0.013314
632.03	0.013304
632.54	0.013313
633.04	0.013339
633.54	0.013297
634.05	0.01328
634.55	0.013236
635.06	0.013203
635.56	0.013211
636.06	0.013137
636.57	0.013164
637.07	0.013143
637.58	0.013163
638.08	0.013137
638.58	0.013094
639.09	0.0131
639.59	0.013086
640.1	0.013067
640.6	0.013021
641.1	0.013028
641.61	0.012937
642.11	0.01292
642.62	0.012913
643.12	0.012995
643.62	0.012894
644.13	0.013001
644.63	0.012847
645.14	0.012906
645.64	0.012892
646.14	0.012846
646.65	0.012772
647.15	0.012802
647.66	0.012767
648.16	0.012743
648.66	0.012669
649.17	0.012758
649.67	0.012735
650.18	0.012718
650.68	0.01263
651.18	0.012597
651.69	0.012655
652.19	0.012602
652.7	0.012532
653.2	0.012556
653.7	0.012437
654.21	0.012445
654.71	0.012451
655.22	0.012361
655.72	0.012373
656.22	0.012377
656.73	0.012313
657.23	0.01237
657.74	0.012266
658.24	0.012273
658.74	0.012191
659.25	0.012246
659.75	0.012128
660.26	0.012208
660.76	0.01217
661.26	0.012082
661.77	0.01211
662.27	0.012087
662.78	0.011974
663.28	0.011983
663.78	0.011938
664.29	0.012047
664.79	0.011968
665.3	0.01196
665.8	0.011951
666.3	0.011965
666.81	0.011862
667.31	0.011939
667.82	0.011815
668.32	0.011838
668.82	0.011863
669.33	0.011873
669.83	0.011815
670.34	0.011789
670.84	0.011762
671.34	0.011804
671.85	0.011689
672.35	0.01168
672.86	0.011684
673.36	0.011623
673.86	0.011589
674.37	0.011624
674.87	0.011549
675.38	0.011535
675.88	0.011483
676.38	0.011519
676.89	0.011418
677.39	0.011485
677.9	0.011407
678.4	0.011453
678.9	0.011328
679.41	0.011349
679.91	0.011294
680.42	0.011332
680.92	0.011305
681.42	0.011299
681.93	0.011199
682.43	0.011281
682.94	0.011246
683.44	0.0112
683.94	0.011164
684.45	0.01117
684.95	0.011132
685.46	0.011034
685.96	0.011036
686.46	0.011015
686.97	0.011055
687.47	0.011054
687.98	0.01094
688.48	0.010994
688.98	0.010974
689.49	0.011013
689.99	0.010939
690.5	0.010946
691	0.010801
691.5	0.010766
692.01	0.010807
692.51	0.010715
693.02	0.010655
693.52	0.010697
694.02	0.010655
694.53	0.010756
695.03	0.010613
695.54	0.010559
696.04	0.010521
696.54	0.010549
697.05	0.010584
697.55	0.010408
698.06	0.010408
698.56	0.010444
699.06	0.01031
699.57	0.010295
700.07	0.010235
700.58	0.010086
701.08	0.010121
701.58	0.010123
702.09	0.010013
702.59	0.010115
703.1	0.0099106
703.6	0.0099727
704.1	0.0099186
704.61	0.0098274
705.11	0.0098433
705.62	0.0098525
706.12	0.0096971
706.62	0.0096654
707.13	0.009631
707.63	0.0097022
708.14	0.0096452
708.64	0.0096912
709.14	0.0096583
709.65	0.0095327
710.15	0.0097186
710.66	0.0095177
711.16	0.0095007
711.66	0.0096083
712.17	0.0095867
712.67	0.0095818
713.18	0.0094532
713.68	0.0096419
714.18	0.0095701
714.69	0.0096182
715.19	0.0095854
715.7	0.0094583
716.2	0.0093876
716.7	0.0096011
717.21	0.0093821
717.71	0.0095078
718.22	0.0096047
718.72	0.009453
719.22	0.0095065
719.73	0.0093808
720.23	0.0093317
720.74	0.0094785
721.24	0.0090796
721.74	0.0092891
722.25	0.0093161
722.75	0.0092404
723.26	0.0090023
723.76	0.0091754
724.26	0.0089378
724.77	0.0088445
725.27	0.0086677
725.78	0.0086986
726.28	0.0087973
726.78	0.0088238
727.29	0.0085899
727.79	0.0085753
728.3	0.0082499
728.8	0.0081346
729.3	0.0081988
729.81	0.0082979
730.31	0.0080302
730.82	0.0081269
731.32	0.0078084
731.82	0.0079786
732.33	0.0079141
732.83	0.0079812
733.34	0.008013
733.84	0.0077903
734.34	0.0074089
734.85	0.0079626
735.35	0.0076403
735.86	0.0075038
736.36	0.0074135
736.86	0.0073915
737.37	0.0075294
737.87	0.0071888
738.38	0.007378
738.88	0.0072874
739.38	0.0071811
739.89	0.0070052
740.39	0.007073
740.9	0.0073644
741.4	0.0069797
741.9	0.0071058
742.41	0.0070049
742.91	0.0071918
743.42	0.0071195
743.92	0.0068751
744.42	0.0069256
744.93	0.0069541
745.43	0.0065516
745.94	0.0068212
746.44	0.00685
746.94	0.0067431
747.45	0.0068562
747.95	0.0065255
748.46	0.0069319
748.96	0.0066212
749.46	0.0067123
749.97	0.006773
750.47	0.0066108
750.98	0.0067426
751.48	0.0067583
751.98	0.0067889
752.49	0.0068041
752.99	0.0071324
753.5	0.0066761
754	0.0072758
754.5	0.0068772
755.01	0.0066945
755.51	0.0065691
756.02	0.0069516
756.52	0.0068091
757.02	0.0070193
757.53	0.006762
758.03	0.0066062
758.54	0.0065788
759.04	0.0062962
759.54	0.0063833
760.05	0.0068618
760.55	0.0067753
761.06	0.0067289
761.56	0.006568
762.06	0.0072842
762.57	0.0064481
763.07	0.0069511
763.58	0.0069808
764.08	0.006927
764.58	0.0063309
765.09	0.0065089
765.59	0.0069835
766.1	0.0067119
766.6	0.0070743
767.1	0.0067859
767.61	0.0068039
768.11	0.0066686
768.62	0.0071592
769.12	0.006396
