376.5	0.0284
377.01	0.027356
377.51	0.028776
378.02	0.027041
378.52	0.026312
379.02	0.026611
379.53	0.026622
380.03	0.024752
380.54	0.027318
381.04	0.025565
381.54	0.024411
382.05	0.025361
382.55	0.024738
383.06	0.025375
383.56	0.024168
384.06	0.02535
384.57	0.024302
385.07	0.023839
385.58	0.024241
386.08	0.022826
386.58	0.023036
387.09	0.022666
387.59	0.0216
388.1	0.021744
388.6	0.022709
389.1	0.02191
389.61	0.021256
390.11	0.021328
390.62	0.020232
391.12	0.020664
391.62	0.019133
392.13	0.019908
392.63	0.018968
393.14	0.01902
393.64	0.018751
394.14	0.018888
394.65	0.01811
395.15	0.017133
395.66	0.017399
396.16	0.01729
396.66	0.017261
397.17	0.016728
397.67	0.015944
398.18	0.016201
398.68	0.016295
399.18	0.015969
399.69	0.015397
400.19	0.015002
400.7	0.014773
401.2	0.014825
401.7	0.014286
402.21	0.014959
402.71	0.014351
403.22	0.014489
403.72	0.014018
404.22	0.014637
404.73	0.013655
405.23	0.013564
405.74	0.013696
406.24	0.01341
406.74	0.013175
407.25	0.012677
407.75	0.013269
408.26	0.013233
408.76	0.013406
409.26	0.012814
409.77	0.013028
410.27	0.012586
410.78	0.013014
411.28	0.012527
411.78	0.012768
412.29	0.012674
412.79	0.012423
413.3	0.012543
413.8	0.012589
414.3	0.012907
414.81	0.012489
415.31	0.012656
415.82	0.012685
416.32	0.012666
416.82	0.012584
417.33	0.012721
417.83	0.012834
418.34	0.01262
418.84	0.012971
419.34	0.013014
419.85	0.012857
420.35	0.012941
420.86	0.013231
421.36	0.013157
421.86	0.013417
422.37	0.013306
422.87	0.013397
423.38	0.013226
423.88	0.013285
424.38	0.013323
424.89	0.013305
425.39	0.013527
425.9	0.013447
426.4	0.013555
426.9	0.013515
427.41	0.013909
427.91	0.01358
428.42	0.013625
428.92	0.013652
429.42	0.013675
429.93	0.013805
430.43	0.013724
430.94	0.013818
431.44	0.014064
431.94	0.013937
432.45	0.013794
432.95	0.013819
433.46	0.013883
433.96	0.013779
434.46	0.013801
434.97	0.014072
435.47	0.013905
435.98	0.013999
436.48	0.013776
436.98	0.013782
437.49	0.01381
437.99	0.013919
438.5	0.01385
439	0.013847
439.5	0.013756
440.01	0.013546
440.51	0.013634
441.02	0.013755
441.52	0.013657
442.02	0.013549
442.53	0.013524
443.03	0.013426
443.54	0.013571
444.04	0.013412
444.54	0.013475
445.05	0.013516
445.55	0.013445
446.06	0.013603
446.56	0.013602
447.06	0.013567
447.57	0.01357
448.07	0.013551
448.58	0.01347
449.08	0.013607
449.58	0.013801
450.09	0.013606
450.59	0.013655
451.1	0.013774
451.6	0.013704
452.1	0.013839
452.61	0.013595
453.11	0.013748
453.62	0.013609
454.12	0.013812
454.62	0.013685
455.13	0.013695
455.63	0.013725
456.14	0.013837
456.64	0.013731
457.14	0.013737
457.65	0.013818
458.15	0.013821
458.66	0.013784
459.16	0.013856
459.66	0.013866
460.17	0.013917
460.67	0.013806
461.18	0.013842
461.68	0.013896
462.18	0.01381
462.69	0.013832
463.19	0.013809
463.7	0.013893
464.2	0.013895
464.7	0.013948
465.21	0.013789
465.71	0.013817
466.22	0.013824
466.72	0.013749
467.22	0.013911
467.73	0.013783
468.23	0.013869
468.74	0.013736
469.24	0.013886
469.74	0.01386
470.25	0.013813
470.75	0.013849
471.26	0.013922
471.76	0.013915
472.26	0.013868
472.77	0.013907
473.27	0.013823
473.78	0.013901
474.28	0.013949
474.78	0.013888
475.29	0.013906
475.79	0.013821
476.3	0.013919
476.8	0.013953
477.3	0.01383
477.81	0.013927
478.31	0.013917
478.82	0.013984
479.32	0.013874
479.82	0.013816
480.33	0.013878
480.83	0.013863
481.34	0.01388
481.84	0.013859
482.34	0.013808
482.85	0.013838
483.35	0.013966
483.86	0.01386
484.36	0.01387
484.86	0.013929
485.37	0.01386
485.87	0.013856
486.38	0.013753
486.88	0.013806
487.38	0.013777
487.89	0.013776
488.39	0.013853
488.9	0.013732
489.4	0.013838
489.9	0.013709
490.41	0.013782
490.91	0.013758
491.42	0.013696
491.92	0.013652
492.42	0.01376
492.93	0.013738
493.43	0.013673
493.94	0.013678
494.44	0.013657
494.94	0.013669
495.45	0.013691
495.95	0.013681
496.46	0.013534
496.96	0.013639
497.46	0.013533
497.97	0.013608
498.47	0.013558
498.98	0.013543
499.48	0.013498
499.98	0.013496
500.49	0.013485
500.99	0.013528
501.5	0.01355
502	0.013521
502.5	0.013496
503.01	0.013513
503.51	0.013493
504.02	0.013553
504.52	0.013501
505.02	0.013441
505.53	0.013502
506.03	0.013489
506.54	0.013475
507.04	0.013456
507.54	0.013454
508.05	0.013453
508.55	0.013573
509.06	0.013538
509.56	0.013575
510.06	0.013502
510.57	0.013459
511.07	0.013569
511.58	0.013509
512.08	0.013478
512.58	0.013527
513.09	0.013464
513.59	0.013449
514.1	0.013561
514.6	0.013507
515.1	0.013561
515.61	0.013468
516.11	0.013499
516.62	0.013501
517.12	0.013499
517.62	0.013458
518.13	0.013584
518.63	0.013526
519.14	0.013499
519.64	0.013478
520.14	0.013449
520.65	0.013501
521.15	0.013491
521.66	0.01345
522.16	0.013486
522.66	0.013429
523.17	0.01346
523.67	0.013462
524.18	0.013407
524.68	0.013431
525.18	0.01347
525.69	0.013434
526.19	0.013377
526.7	0.013488
527.2	0.013418
527.7	0.01344
528.21	0.013438
528.71	0.013443
529.22	0.013364
529.72	0.013357
530.22	0.01339
530.73	0.013405
531.23	0.013379
531.74	0.013403
532.24	0.01335
532.74	0.013376
533.25	0.013365
533.75	0.013363
534.26	0.013305
534.76	0.013287
535.26	0.013305
535.77	0.013329
536.27	0.013349
536.78	0.013289
537.28	0.013283
537.78	0.013319
538.29	0.013276
538.79	0.013249
539.3	0.013276
539.8	0.013258
540.3	0.013235
540.81	0.013288
541.31	0.013207
541.82	0.013229
542.32	0.013273
542.82	0.01324
543.33	0.013212
543.83	0.013226
544.34	0.013174
544.84	0.013197
545.34	0.013205
545.85	0.013118
546.35	0.013193
546.86	0.013172
547.36	0.013154
547.86	0.013154
548.37	0.013157
548.87	0.013155
549.38	0.013197
549.88	0.013121
550.38	0.013122
550.89	0.013177
551.39	0.013088
551.9	0.013122
552.4	0.0131
552.9	0.013121
553.41	0.01306
553.91	0.013106
554.42	0.013113
554.92	0.013072
555.42	0.01301
555.93	0.013034
556.43	0.013053
556.94	0.013055
557.44	0.012989
557.94	0.013069
558.45	0.013072
558.95	0.013011
559.46	0.013059
559.96	0.012983
560.46	0.012995
560.97	0.012956
561.47	0.013005
561.98	0.01293
562.48	0.01297
562.98	0.012973
563.49	0.012922
563.99	0.012913
564.5	0.01289
565	0.01293
565.5	0.012861
566.01	0.012933
566.51	0.012849
567.02	0.012909
567.52	0.01285
568.02	0.012884
568.53	0.012881
569.03	0.012902
569.54	0.012872
570.04	0.012906
570.54	0.012852
571.05	0.012867
571.55	0.012809
572.06	0.012834
572.56	0.012783
573.06	0.012791
573.57	0.012776
574.07	0.012849
574.58	0.012787
575.08	0.012829
575.58	0.012761
576.09	0.012725
576.59	0.012763
577.1	0.012766
577.6	0.012682
578.1	0.012781
578.61	0.012746
579.11	0.012699
579.62	0.012758
580.12	0.012711
580.62	0.012722
581.13	0.012711
581.63	0.012698
582.14	0.01274
582.64	0.012678
583.14	0.012675
583.65	0.012708
584.15	0.012662
584.66	0.012648
585.16	0.012662
585.66	0.012651
586.17	0.012696
586.67	0.012593
587.18	0.012689
587.68	0.012598
588.18	0.012606
588.69	0.012599
589.19	0.012579
589.7	0.012628
590.2	0.012626
590.7	0.012604
591.21	0.012619
591.71	0.012588
592.22	0.012569
592.72	0.012572
593.22	0.012545
593.73	0.012557
594.23	0.012529
594.74	0.012558
595.24	0.012506
595.74	0.012571
596.25	0.012525
596.75	0.012505
597.26	0.012556
597.76	0.012464
598.26	0.012489
598.77	0.012481
599.27	0.012515
599.78	0.012495
600.28	0.012504
600.78	0.012496
601.29	0.012451
601.79	0.012384
602.3	0.012515
602.8	0.012471
603.3	0.012478
603.81	0.012485
604.31	0.012482
604.82	0.012456
605.32	0.012406
605.82	0.012417
606.33	0.012429
606.83	0.012413
607.34	0.012428
607.84	0.012361
608.34	0.012337
608.85	0.012366
609.35	0.012378
609.86	0.012379
610.36	0.012384
610.86	0.012367
611.37	0.012323
611.87	0.012308
612.38	0.012352
612.88	0.012323
613.38	0.012267
613.89	0.012284
614.39	0.01238
614.9	0.012274
615.4	0.012352
615.9	0.012363
616.41	0.012244
616.91	0.012249
617.42	0.012235
617.92	0.012261
618.42	0.012284
618.93	0.012311
619.43	0.012272
619.94	0.01222
620.44	0.012243
620.94	0.012179
621.45	0.012279
621.95	0.01219
622.46	0.012098
622.96	0.012121
623.46	0.012184
623.97	0.012137
624.47	0.012142
624.98	0.012082
625.48	0.012122
625.98	0.012081
626.49	0.012106
626.99	0.012046
627.5	0.012062
628	0.012056
628.5	0.012136
629.01	0.012086
629.51	0.01202
630.02	0.011959
630.52	0.01209
631.02	0.012067
631.53	0.012017
632.03	0.012012
632.54	0.012039
633.04	0.011971
633.54	0.012057
634.05	0.01202
634.55	0.01196
635.06	0.012009
635.56	0.011984
636.06	0.011983
636.57	0.011979
637.07	0.011946
637.58	0.011957
638.08	0.012018
638.58	0.01191
639.09	0.011933
639.59	0.011936
640.1	0.011961
640.6	0.011952
641.1	0.011869
641.61	0.011999
642.11	0.011884
642.62	0.011915
643.12	0.011924
643.62	0.011896
644.13	0.011939
644.63	0.01191
645.14	0.011872
645.64	0.011791
646.14	0.011893
646.65	0.011803
647.15	0.011792
647.66	0.011843
648.16	0.011816
648.66	0.011883
649.17	0.011815
649.67	0.011828
650.18	0.011778
650.68	0.011862
651.18	0.011787
651.69	0.011911
652.19	0.011816
652.7	0.01187
653.2	0.011822
653.7	0.011866
654.21	0.011834
654.71	0.011825
655.22	0.011791
655.72	0.011774
656.22	0.011748
656.73	0.011867
657.23	0.011777
657.74	0.011871
658.24	0.011755
658.74	0.011937
659.25	0.011774
659.75	0.011846
660.26	0.011799
660.76	0.011923
661.26	0.011735
661.77	0.011819
662.27	0.011861
662.78	0.011777
663.28	0.01175
663.78	0.011794
664.29	0.011725
664.79	0.011792
665.3	0.011734
665.8	0.011743
666.3	0.011675
666.81	0.011696
667.31	0.011718
667.82	0.011725
668.32	0.011634
668.82	0.011682
669.33	0.011669
669.83	0.011505
670.34	0.01168
670.84	0.011521
671.34	0.011571
671.85	0.011435
672.35	0.011493
672.86	0.011476
673.36	0.011447
673.86	0.011407
674.37	0.011449
674.87	0.011371
675.38	0.011235
675.88	0.011353
676.38	0.011114
676.89	0.011307
677.39	0.01122
677.9	0.011351
678.4	0.011258
678.9	0.011111
679.41	0.01126
679.91	0.011135
680.42	0.011294
680.92	0.011281
681.42	0.01108
681.93	0.011171
682.43	0.011135
682.94	0.011102
683.44	0.011057
683.94	0.011026
684.45	0.011197
684.95	0.011108
685.46	0.011064
685.96	0.011082
686.46	0.011108
686.97	0.011048
687.47	0.011107
687.98	0.011248
688.48	0.011056
688.98	0.011207
689.49	0.011099
689.99	0.011177
690.5	0.011054
691	0.011135
691.5	0.011023
692.01	0.011122
692.51	0.011152
693.02	0.010951
693.52	0.011094
694.02	0.011
694.53	0.011105
695.03	0.010975
695.54	0.011095
696.04	0.011206
696.54	0.010943
697.05	0.011091
697.55	0.011039
698.06	0.011033
698.56	0.010867
699.06	0.011007
699.57	0.010842
700.07	0.010849
700.58	0.010844
701.08	0.010928
701.58	0.010809
702.09	0.010804
702.59	0.010569
703.1	0.010714
703.6	0.010666
704.1	0.010595
704.61	0.010493
705.11	0.01058
705.62	0.010575
706.12	0.010624
706.62	0.010429
707.13	0.010493
707.63	0.010432
708.14	0.01034
708.64	0.010003
709.14	0.010155
709.65	0.010302
710.15	0.01017
710.66	0.01007
711.16	0.0101
711.66	0.0098433
712.17	0.01001
712.67	0.0098464
713.18	0.0098079
713.68	0.0097365
714.18	0.0098016
714.69	0.0099562
715.19	0.0096055
715.7	0.0096961
716.2	0.0096144
716.7	0.0095103
717.21	0.0095039
717.71	0.0095028
718.22	0.0095793
718.72	0.0095512
719.22	0.0094696
719.73	0.0092218
720.23	0.009354
720.74	0.0093063
721.24	0.0092624
721.74	0.0094997
722.25	0.0094449
722.75	0.0094941
723.26	0.0094449
723.76	0.0089046
724.26	0.0092862
724.77	0.0090981
725.27	0.0089786
725.78	0.0091154
726.28	0.009026
726.78	0.0089709
727.29	0.0090612
727.79	0.00918
728.3	0.0093765
728.8	0.0088564
729.3	0.009247
729.81	0.0096592
730.31	0.0091925
730.82	0.008849
731.32	0.0094542
731.82	0.0089914
732.33	0.0097108
732.83	0.0096143
733.34	0.0095907
733.84	0.0095559
734.34	0.0094118
734.85	0.0096027
735.35	0.0096646
735.86	0.0094499
736.36	0.0095827
736.86	0.0097463
737.37	0.0097287
737.87	0.0098555
738.38	0.0095539
738.88	0.0095458
739.38	0.0097896
739.89	0.0094066
740.39	0.0099037
740.9	0.0094353
741.4	0.0094236
741.9	0.0097175
742.41	0.0099466
742.91	0.010045
743.42	0.010193
743.92	0.010678
744.42	0.0098739
744.93	0.0099794
745.43	0.010371
745.94	0.0097423
746.44	0.01074
746.94	0.011265
747.45	0.010529
747.95	0.010426
748.46	0.010233
748.96	0.010687
749.46	0.010076
749.97	0.010419
750.47	0.010663
750.98	0.011019
751.48	0.01074
751.98	0.010755
752.49	0.010507
752.99	0.010904
753.5	0.010932
754	0.010355
754.5	0.010889
755.01	0.011085
755.51	0.01074
756.02	0.011091
756.52	0.011218
757.02	0.010621
757.53	0.010406
758.03	0.0112
758.54	0.010222
759.04	0.010415
759.54	0.011865
760.05	0.010487
760.55	0.011727
761.06	0.011011
761.56	0.011014
762.06	0.010348
762.57	0.011187
763.07	0.010136
763.58	0.011648
764.08	0.010932
764.58	0.011974
765.09	0.011441
765.59	0.011374
766.1	0.011694
766.6	0.012069
767.1	0.011594
767.61	0.011808
768.11	0.012152
768.62	0.012029
769.12	0.013313
