376.5	0.035978
377.01	0.037921
377.51	0.036019
378.02	0.036092
378.52	0.034051
379.02	0.033952
379.53	0.033954
380.03	0.031827
380.54	0.031136
381.04	0.031301
381.54	0.030071
382.05	0.030671
382.55	0.029512
383.06	0.029991
383.56	0.028228
384.06	0.027191
384.57	0.026473
385.07	0.026598
385.58	0.025247
386.08	0.024105
386.58	0.024912
387.09	0.025597
387.59	0.023702
388.1	0.023243
388.6	0.023363
389.1	0.024299
389.61	0.022702
390.11	0.0222
390.62	0.022341
391.12	0.020976
391.62	0.021769
392.13	0.020179
392.63	0.020577
393.14	0.020168
393.64	0.019751
394.14	0.01993
394.65	0.019755
395.15	0.019447
395.66	0.0196
396.16	0.018622
396.66	0.017827
397.17	0.01822
397.67	0.01789
398.18	0.017653
398.68	0.017938
399.18	0.017274
399.69	0.017669
400.19	0.017573
400.7	0.016626
401.2	0.017069
401.7	0.017162
402.21	0.016023
402.71	0.017592
403.22	0.017012
403.72	0.016929
404.22	0.017518
404.73	0.017158
405.23	0.01699
405.74	0.017338
406.24	0.017365
406.74	0.016865
407.25	0.017059
407.75	0.01739
408.26	0.01723
408.76	0.016953
409.26	0.01776
409.77	0.017985
410.27	0.017199
410.78	0.017954
411.28	0.018009
411.78	0.018182
412.29	0.017959
412.79	0.018149
413.3	0.017943
413.8	0.018321
414.3	0.018221
414.81	0.017985
415.31	0.018563
415.82	0.018455
416.32	0.018333
416.82	0.018671
417.33	0.018517
417.83	0.018184
418.34	0.018585
418.84	0.0182
419.34	0.018514
419.85	0.018542
420.35	0.018495
420.86	0.018736
421.36	0.018357
421.86	0.018289
422.37	0.018379
422.87	0.01876
423.38	0.018318
423.88	0.018259
424.38	0.018359
424.89	0.018305
425.39	0.018325
425.9	0.018145
426.4	0.018515
426.9	0.018387
427.41	0.018213
427.91	0.018236
428.42	0.018193
428.92	0.017969
429.42	0.018113
429.93	0.018014
430.43	0.018103
430.94	0.017872
431.44	0.017894
431.94	0.018005
432.45	0.01774
432.95	0.01783
433.46	0.018121
433.96	0.017885
434.46	0.017972
434.97	0.017926
435.47	0.017985
435.98	0.018053
436.48	0.017947
436.98	0.018079
437.49	0.018021
437.99	0.018259
438.5	0.018181
439	0.018113
439.5	0.018394
440.01	0.018275
440.51	0.018191
441.02	0.018193
441.52	0.018249
442.02	0.018362
442.53	0.018258
443.03	0.018218
443.54	0.018274
444.04	0.018304
444.54	0.018222
445.05	0.018221
445.55	0.018219
446.06	0.018267
446.56	0.018079
447.06	0.018178
447.57	0.018289
448.07	0.018381
448.58	0.018318
449.08	0.018265
449.58	0.018198
450.09	0.018049
450.59	0.018148
451.1	0.018075
451.6	0.018051
452.1	0.01809
452.61	0.018164
453.11	0.017879
453.62	0.018076
454.12	0.018183
454.62	0.01807
455.13	0.017935
455.63	0.017923
456.14	0.018021
456.64	0.018088
457.14	0.017919
457.65	0.017932
458.15	0.018047
458.66	0.018059
459.16	0.017917
459.66	0.017974
460.17	0.017903
460.67	0.017895
461.18	0.017927
461.68	0.017898
462.18	0.017814
462.69	0.017853
463.19	0.017897
463.7	0.017938
464.2	0.017814
464.7	0.017812
465.21	0.017794
465.71	0.017805
466.22	0.017835
466.72	0.017746
467.22	0.017851
467.73	0.017816
468.23	0.017769
468.74	0.017679
469.24	0.017778
469.74	0.017689
470.25	0.017712
470.75	0.017737
471.26	0.017633
471.76	0.017585
472.26	0.017638
472.77	0.017504
473.27	0.017584
473.78	0.017645
474.28	0.017436
474.78	0.017522
475.29	0.017529
475.79	0.017561
476.3	0.017519
476.8	0.017472
477.3	0.017525
477.81	0.017476
478.31	0.017411
478.82	0.017433
479.32	0.017419
479.82	0.017503
480.33	0.017389
480.83	0.017333
481.34	0.017283
481.84	0.017329
482.34	0.017293
482.85	0.017465
483.35	0.017318
483.86	0.017307
484.36	0.017296
484.86	0.017321
485.37	0.017209
485.87	0.017279
486.38	0.017176
486.88	0.017192
487.38	0.017229
487.89	0.017202
488.39	0.01724
488.9	0.017267
489.4	0.017163
489.9	0.017215
490.41	0.017249
490.91	0.017192
491.42	0.017245
491.92	0.017276
492.42	0.017223
492.93	0.017285
493.43	0.017186
493.94	0.017132
494.44	0.017133
494.94	0.017246
495.45	0.017124
495.95	0.017145
496.46	0.017056
496.96	0.017112
497.46	0.017091
497.97	0.017081
498.47	0.017074
498.98	0.017034
499.48	0.01692
499.98	0.016923
500.49	0.016891
500.99	0.016809
501.5	0.016866
502	0.016897
502.5	0.016771
503.01	0.016842
503.51	0.016767
504.02	0.016738
504.52	0.01671
505.02	0.016707
505.53	0.016765
506.03	0.016699
506.54	0.016582
507.04	0.016592
507.54	0.016598
508.05	0.016584
508.55	0.016532
509.06	0.016615
509.56	0.016526
510.06	0.016521
510.57	0.016469
511.07	0.016427
511.58	0.016404
512.08	0.016361
512.58	0.016349
513.09	0.016359
513.59	0.016346
514.1	0.016348
514.6	0.016346
515.1	0.016282
515.61	0.016324
516.11	0.016316
516.62	0.016293
517.12	0.016305
517.62	0.016275
518.13	0.016277
518.63	0.01621
519.14	0.016301
519.64	0.016218
520.14	0.016235
520.65	0.016163
521.15	0.016192
521.66	0.016212
522.16	0.016143
522.66	0.016111
523.17	0.0161
523.67	0.016128
524.18	0.016118
524.68	0.016078
525.18	0.016124
525.69	0.016077
526.19	0.016085
526.7	0.016108
527.2	0.016095
527.7	0.01599
528.21	0.016003
528.71	0.016035
529.22	0.016023
529.72	0.015999
530.22	0.016011
530.73	0.015974
531.23	0.015966
531.74	0.016
532.24	0.015951
532.74	0.015899
533.25	0.015921
533.75	0.015879
534.26	0.015914
534.76	0.015897
535.26	0.015886
535.77	0.015834
536.27	0.015877
536.78	0.015884
537.28	0.015784
537.78	0.015824
538.29	0.015776
538.79	0.015828
539.3	0.01577
539.8	0.015783
540.3	0.015769
540.81	0.015768
541.31	0.015772
541.82	0.015723
542.32	0.015699
542.82	0.015694
543.33	0.015717
543.83	0.015673
544.34	0.015587
544.84	0.015652
545.34	0.015621
545.85	0.015631
546.35	0.015598
546.86	0.015603
547.36	0.015618
547.86	0.01555
548.37	0.015628
548.87	0.015616
549.38	0.015585
549.88	0.015598
550.38	0.015549
550.89	0.015538
551.39	0.015538
551.9	0.015465
552.4	0.015545
552.9	0.015514
553.41	0.015491
553.91	0.015443
554.42	0.015417
554.92	0.015466
555.42	0.015434
555.93	0.015429
556.43	0.015435
556.94	0.015433
557.44	0.01543
557.94	0.015408
558.45	0.015345
558.95	0.015364
559.46	0.015377
559.96	0.015261
560.46	0.015309
560.97	0.015244
561.47	0.015304
561.98	0.015302
562.48	0.015331
562.98	0.015214
563.49	0.015255
563.99	0.01525
564.5	0.015261
565	0.015252
565.5	0.015215
566.01	0.015209
566.51	0.015213
567.02	0.015144
567.52	0.015165
568.02	0.01516
568.53	0.015159
569.03	0.015195
569.54	0.01519
570.04	0.015111
570.54	0.015146
571.05	0.015121
571.55	0.015111
572.06	0.015129
572.56	0.015106
573.06	0.015109
573.57	0.015057
574.07	0.015064
574.58	0.015079
575.08	0.015118
575.58	0.015044
576.09	0.015034
576.59	0.015064
577.1	0.015046
577.6	0.015006
578.1	0.015064
578.61	0.014983
579.11	0.014983
579.62	0.014991
580.12	0.014985
580.62	0.014957
581.13	0.014948
581.63	0.014976
582.14	0.014961
582.64	0.015008
583.14	0.014957
583.65	0.014919
584.15	0.014923
584.66	0.014856
585.16	0.014867
585.66	0.014946
586.17	0.014815
586.67	0.014925
587.18	0.014841
587.68	0.014845
588.18	0.014868
588.69	0.014858
589.19	0.014808
589.7	0.014793
590.2	0.014714
590.7	0.01478
591.21	0.014711
591.71	0.014726
592.22	0.014682
592.72	0.014692
593.22	0.014643
593.73	0.014682
594.23	0.014675
594.74	0.014694
595.24	0.01464
595.74	0.014684
596.25	0.014613
596.75	0.014599
597.26	0.014566
597.76	0.01462
598.26	0.014571
598.77	0.014585
599.27	0.014533
599.78	0.014549
600.28	0.014518
600.78	0.014457
601.29	0.014471
601.79	0.014496
602.3	0.014444
602.8	0.014432
603.3	0.014443
603.81	0.014393
604.31	0.014428
604.82	0.014397
605.32	0.014408
605.82	0.014391
606.33	0.014423
606.83	0.014393
607.34	0.014349
607.84	0.014372
608.34	0.0143
608.85	0.014315
609.35	0.014276
609.86	0.014305
610.36	0.014269
610.86	0.014267
611.37	0.014291
611.87	0.014266
612.38	0.014177
612.88	0.014209
613.38	0.014131
613.89	0.014208
614.39	0.014167
614.9	0.01413
615.4	0.014112
615.9	0.014089
616.41	0.014105
616.91	0.0141
617.42	0.014032
617.92	0.01406
618.42	0.014007
618.93	0.013975
619.43	0.013939
619.94	0.013902
620.44	0.013972
620.94	0.01388
621.45	0.013903
621.95	0.01395
622.46	0.013839
622.96	0.013776
623.46	0.01386
623.97	0.013778
624.47	0.013767
624.98	0.013798
625.48	0.013704
625.98	0.013711
626.49	0.013689
626.99	0.013715
627.5	0.013634
628	0.013661
628.5	0.013607
629.01	0.013638
629.51	0.0136
630.02	0.013683
630.52	0.0136
631.02	0.013573
631.53	0.013513
632.03	0.01353
632.54	0.013565
633.04	0.013492
633.54	0.013515
634.05	0.01351
634.55	0.013522
635.06	0.013494
635.56	0.013458
636.06	0.013456
636.57	0.013495
637.07	0.013458
637.58	0.013412
638.08	0.013389
638.58	0.013393
639.09	0.013372
639.59	0.01337
640.1	0.013367
640.6	0.013372
641.1	0.01337
641.61	0.01346
642.11	0.013354
642.62	0.013331
643.12	0.013315
643.62	0.013313
644.13	0.013346
644.63	0.013383
645.14	0.013385
645.64	0.013352
646.14	0.013362
646.65	0.013325
647.15	0.013375
647.66	0.013341
648.16	0.01338
648.66	0.013327
649.17	0.013353
649.67	0.013384
650.18	0.013243
650.68	0.013333
651.18	0.013241
651.69	0.013265
652.19	0.013299
652.7	0.013237
653.2	0.013186
653.7	0.013181
654.21	0.013155
654.71	0.013184
655.22	0.013243
655.72	0.013155
656.22	0.013201
656.73	0.013089
657.23	0.013069
657.74	0.013098
658.24	0.013069
658.74	0.013047
659.25	0.013055
659.75	0.012959
660.26	0.013023
660.76	0.012904
661.26	0.012983
661.77	0.012948
662.27	0.012939
662.78	0.012936
663.28	0.012892
663.78	0.012917
664.29	0.012864
664.79	0.012972
665.3	0.012907
665.8	0.012954
666.3	0.012843
666.81	0.012841
667.31	0.012888
667.82	0.012891
668.32	0.012896
668.82	0.012803
669.33	0.012917
669.83	0.012727
670.34	0.012741
670.84	0.012758
671.34	0.012724
671.85	0.012725
672.35	0.012709
672.86	0.012633
673.36	0.012596
673.86	0.012554
674.37	0.012596
674.87	0.012581
675.38	0.01253
675.88	0.012448
676.38	0.012329
676.89	0.012366
677.39	0.012457
677.9	0.012447
678.4	0.012337
678.9	0.012254
679.41	0.012382
679.91	0.012348
680.42	0.012264
680.92	0.012252
681.42	0.01224
681.93	0.012227
682.43	0.012154
682.94	0.012204
683.44	0.012147
683.94	0.012247
684.45	0.012113
684.95	0.012058
685.46	0.012111
685.96	0.012047
686.46	0.012046
686.97	0.012016
687.47	0.012036
687.98	0.01199
688.48	0.011823
688.98	0.011941
689.49	0.011781
689.99	0.011914
690.5	0.011813
691	0.011841
691.5	0.011767
692.01	0.011833
692.51	0.011598
693.02	0.011566
693.52	0.011561
694.02	0.011529
694.53	0.011531
695.03	0.011335
695.54	0.011372
696.04	0.011375
696.54	0.011396
697.05	0.01135
697.55	0.011277
698.06	0.011193
698.56	0.011093
699.06	0.011052
699.57	0.011046
700.07	0.011211
700.58	0.011082
701.08	0.010875
701.58	0.010825
702.09	0.010936
702.59	0.010766
703.1	0.010919
703.6	0.01073
704.1	0.010872
704.61	0.010855
705.11	0.010866
705.62	0.010931
706.12	0.010774
706.62	0.010718
707.13	0.010638
707.63	0.010469
708.14	0.010669
708.64	0.010735
709.14	0.010509
709.65	0.010617
710.15	0.010544
710.66	0.010488
711.16	0.010389
711.66	0.010346
712.17	0.01031
712.67	0.010331
713.18	0.010234
713.68	0.010549
714.18	0.010267
714.69	0.010166
715.19	0.010002
715.7	0.010114
716.2	0.0097484
716.7	0.0099496
717.21	0.0099126
717.71	0.0093167
718.22	0.0097174
718.72	0.009835
719.22	0.0094842
719.73	0.0094224
720.23	0.0092202
720.74	0.0094198
721.24	0.0092047
721.74	0.0091755
722.25	0.0092448
722.75	0.0088683
723.26	0.0088427
723.76	0.0087607
724.26	0.0088662
724.77	0.0087245
725.27	0.0086719
725.78	0.0086099
726.28	0.008319
726.78	0.0082007
727.29	0.0084162
727.79	0.0080987
728.3	0.0080341
728.8	0.0079079
729.3	0.0079958
729.81	0.0080812
730.31	0.0078139
730.82	0.0074711
731.32	0.0075289
731.82	0.0074859
732.33	0.0073446
732.83	0.0076003
733.34	0.0073297
733.84	0.0074361
734.34	0.007249
734.85	0.0071438
735.35	0.0072624
735.86	0.0065155
736.36	0.0069594
736.86	0.0068817
737.37	0.0066135
737.87	0.0067419
738.38	0.0066522
738.88	0.006589
739.38	0.0068719
739.89	0.0065162
740.39	0.0063325
740.9	0.0059258
741.4	0.0061751
741.9	0.0065112
742.41	0.006405
742.91	0.0062835
743.42	0.0063283
743.92	0.0062639
744.42	0.0059085
744.93	0.0060238
745.43	0.0058577
745.94	0.0054487
746.44	0.0059254
746.94	0.0059993
747.45	0.0059999
747.95	0.0055723
748.46	0.0056514
748.96	0.0056413
749.46	0.0054576
749.97	0.0063846
750.47	0.0055119
750.98	0.0053476
751.48	0.0054288
751.98	0.005773
752.49	0.0050201
752.99	0.0049966
753.5	0.0048971
754	0.0056817
754.5	0.0052997
755.01	0.0056099
755.51	0.0052668
756.02	0.0051569
756.52	0.0050019
757.02	0.0053121
757.53	0.0051762
758.03	0.0048931
758.54	0.0050678
759.04	0.0050654
759.54	0.0052904
760.05	0.0056487
760.55	0.004874
761.06	0.0049776
761.56	0.0050329
762.06	0.0046515
762.57	0.004803
763.07	0.0047251
763.58	0.0046844
764.08	0.0045517
764.58	0.0042472
765.09	0.0049892
765.59	0.0046705
766.1	0.004287
766.6	0.0047201
767.1	0.003927
767.61	0.0044625
768.11	0.0049835
768.62	0.0045251
769.12	0.0041894
