376.5	0.035
377.01	0.037836
377.51	0.036374
378.02	0.035255
378.52	0.035087
379.02	0.033408
379.53	0.034224
380.03	0.031338
380.54	0.029631
381.04	0.030616
381.54	0.02979
382.05	0.03035
382.55	0.028913
383.06	0.028772
383.56	0.028196
384.06	0.027694
384.57	0.025934
385.07	0.026703
385.58	0.025501
386.08	0.024582
386.58	0.025747
387.09	0.024976
387.59	0.023869
388.1	0.02267
388.6	0.023079
389.1	0.024048
389.61	0.02278
390.11	0.021983
390.62	0.021566
391.12	0.020632
391.62	0.021078
392.13	0.020622
392.63	0.021163
393.14	0.020122
393.64	0.019853
394.14	0.019644
394.65	0.019624
395.15	0.019235
395.66	0.019037
396.16	0.018581
396.66	0.017217
397.17	0.018211
397.67	0.017919
398.18	0.017339
398.68	0.017079
399.18	0.017055
399.69	0.017804
400.19	0.017396
400.7	0.016678
401.2	0.017001
401.7	0.016343
402.21	0.015684
402.71	0.017078
403.22	0.016692
403.72	0.016826
404.22	0.016881
404.73	0.01712
405.23	0.016638
405.74	0.016801
406.24	0.016832
406.74	0.016218
407.25	0.016461
407.75	0.016871
408.26	0.016579
408.76	0.016688
409.26	0.017078
409.77	0.017173
410.27	0.017079
410.78	0.017245
411.28	0.017442
411.78	0.017417
412.29	0.017618
412.79	0.017438
413.3	0.017898
413.8	0.017561
414.3	0.017618
414.81	0.017563
415.31	0.01802
415.82	0.01781
416.32	0.017814
416.82	0.018241
417.33	0.017979
417.83	0.01784
418.34	0.018101
418.84	0.017949
419.34	0.018351
419.85	0.018105
420.35	0.017984
420.86	0.018184
421.36	0.018116
421.86	0.017762
422.37	0.018273
422.87	0.018044
423.38	0.017849
423.88	0.017931
424.38	0.01824
424.89	0.0177
425.39	0.017884
425.9	0.017805
426.4	0.018079
426.9	0.018061
427.41	0.017939
427.91	0.017869
428.42	0.017679
428.92	0.017594
429.42	0.017656
429.93	0.017551
430.43	0.017743
430.94	0.017475
431.44	0.017391
431.94	0.01752
432.45	0.017303
432.95	0.017303
433.46	0.017596
433.96	0.017453
434.46	0.017463
434.97	0.01748
435.47	0.017498
435.98	0.017474
436.48	0.017525
436.98	0.017747
437.49	0.017653
437.99	0.01762
438.5	0.017772
439	0.017612
439.5	0.01796
440.01	0.017652
440.51	0.017806
441.02	0.01787
441.52	0.017698
442.02	0.017762
442.53	0.017676
443.03	0.017725
443.54	0.01778
444.04	0.017839
444.54	0.017699
445.05	0.017764
445.55	0.017743
446.06	0.017722
446.56	0.017528
447.06	0.017829
447.57	0.017776
448.07	0.017857
448.58	0.017662
449.08	0.0178
449.58	0.017819
450.09	0.017574
450.59	0.0177
451.1	0.01764
451.6	0.017653
452.1	0.017613
452.61	0.017581
453.11	0.017564
453.62	0.017639
454.12	0.017524
454.62	0.01759
455.13	0.017388
455.63	0.017553
456.14	0.017547
456.64	0.017641
457.14	0.0175
457.65	0.017401
458.15	0.017557
458.66	0.017536
459.16	0.017437
459.66	0.017342
460.17	0.017361
460.67	0.017458
461.18	0.017304
461.68	0.01737
462.18	0.017263
462.69	0.017316
463.19	0.017376
463.7	0.017491
464.2	0.017286
464.7	0.017274
465.21	0.017247
465.71	0.017329
466.22	0.017433
466.72	0.017235
467.22	0.017311
467.73	0.017306
468.23	0.017415
468.74	0.017243
469.24	0.017292
469.74	0.01723
470.25	0.017143
470.75	0.017191
471.26	0.017163
471.76	0.017126
472.26	0.017182
472.77	0.017214
473.27	0.017129
473.78	0.0172
474.28	0.017024
474.78	0.017127
475.29	0.017037
475.79	0.017082
476.3	0.017001
476.8	0.017079
477.3	0.016993
477.81	0.016982
478.31	0.016919
478.82	0.016999
479.32	0.016956
479.82	0.017022
480.33	0.016923
480.83	0.016892
481.34	0.016838
481.84	0.016816
482.34	0.016848
482.85	0.016866
483.35	0.016838
483.86	0.016791
484.36	0.016765
484.86	0.016853
485.37	0.016719
485.87	0.016772
486.38	0.016678
486.88	0.016763
487.38	0.016708
487.89	0.016749
488.39	0.016731
488.9	0.016761
489.4	0.016762
489.9	0.016771
490.41	0.016739
490.91	0.016739
491.42	0.01673
491.92	0.0168
492.42	0.016802
492.93	0.016768
493.43	0.016815
493.94	0.016733
494.44	0.016743
494.94	0.016784
495.45	0.01672
495.95	0.016662
496.46	0.016707
496.96	0.01675
497.46	0.016673
497.97	0.016643
498.47	0.016605
498.98	0.016604
499.48	0.016545
499.98	0.016517
500.49	0.016523
500.99	0.016453
501.5	0.016399
502	0.01646
502.5	0.016386
503.01	0.016384
503.51	0.016386
504.02	0.016341
504.52	0.016338
505.02	0.016354
505.53	0.016286
506.03	0.016331
506.54	0.016213
507.04	0.016197
507.54	0.016201
508.05	0.016112
508.55	0.016097
509.06	0.016153
509.56	0.016066
510.06	0.016121
510.57	0.016009
511.07	0.016048
511.58	0.016032
512.08	0.015971
512.58	0.015962
513.09	0.015995
513.59	0.01598
514.1	0.015983
514.6	0.016004
515.1	0.015914
515.61	0.015965
516.11	0.015909
516.62	0.015892
517.12	0.015876
517.62	0.015885
518.13	0.015874
518.63	0.015803
519.14	0.015868
519.64	0.015768
520.14	0.015781
520.65	0.01578
521.15	0.015769
521.66	0.015741
522.16	0.015714
522.66	0.01574
523.17	0.015699
523.67	0.015707
524.18	0.015728
524.68	0.015697
525.18	0.015706
525.69	0.015663
526.19	0.015669
526.7	0.015694
527.2	0.015693
527.7	0.01561
528.21	0.015652
528.71	0.015639
529.22	0.015625
529.72	0.01562
530.22	0.015645
530.73	0.015585
531.23	0.015578
531.74	0.015641
532.24	0.015582
532.74	0.015571
533.25	0.015565
533.75	0.015577
534.26	0.015542
534.76	0.015546
535.26	0.015485
535.77	0.015481
536.27	0.015466
536.78	0.015497
537.28	0.015441
537.78	0.015449
538.29	0.015402
538.79	0.015461
539.3	0.015395
539.8	0.015431
540.3	0.015421
540.81	0.015428
541.31	0.015404
541.82	0.015376
542.32	0.015369
542.82	0.015357
543.33	0.015387
543.83	0.015289
544.34	0.015315
544.84	0.015272
545.34	0.015299
545.85	0.015279
546.35	0.015271
546.86	0.015241
547.36	0.015259
547.86	0.015226
548.37	0.015289
548.87	0.015248
549.38	0.015245
549.88	0.015198
550.38	0.015193
550.89	0.015178
551.39	0.015187
551.9	0.015169
552.4	0.015154
552.9	0.015206
553.41	0.015188
553.91	0.015098
554.42	0.015122
554.92	0.015184
555.42	0.015088
555.93	0.015043
556.43	0.015111
556.94	0.015123
557.44	0.015088
557.94	0.015068
558.45	0.015028
558.95	0.015032
559.46	0.015
559.96	0.014915
560.46	0.015004
560.97	0.014935
561.47	0.014977
561.98	0.014967
562.48	0.014956
562.98	0.014891
563.49	0.014962
563.99	0.014909
564.5	0.014934
565	0.014914
565.5	0.014902
566.01	0.014919
566.51	0.014892
567.02	0.014861
567.52	0.014882
568.02	0.014862
568.53	0.014876
569.03	0.01484
569.54	0.014872
570.04	0.01481
570.54	0.014869
571.05	0.014772
571.55	0.014793
572.06	0.014805
572.56	0.014738
573.06	0.01479
573.57	0.014738
574.07	0.014764
574.58	0.014798
575.08	0.014763
575.58	0.014766
576.09	0.014756
576.59	0.0147
577.1	0.014744
577.6	0.014711
578.1	0.014638
578.61	0.014655
579.11	0.01466
579.62	0.01472
580.12	0.01465
580.62	0.014652
581.13	0.014689
581.63	0.014639
582.14	0.01463
582.64	0.014667
583.14	0.014638
583.65	0.014639
584.15	0.014558
584.66	0.014568
585.16	0.014563
585.66	0.014588
586.17	0.014526
586.67	0.014625
587.18	0.014532
587.68	0.014518
588.18	0.014548
588.69	0.014535
589.19	0.014477
589.7	0.014478
590.2	0.014431
590.7	0.014467
591.21	0.0144
591.71	0.014408
592.22	0.014398
592.72	0.014431
593.22	0.014356
593.73	0.014351
594.23	0.01437
594.74	0.014347
595.24	0.014298
595.74	0.014342
596.25	0.014271
596.75	0.014276
597.26	0.01427
597.76	0.01425
598.26	0.014207
598.77	0.014272
599.27	0.01425
599.78	0.014207
600.28	0.014223
600.78	0.014164
601.29	0.014141
601.79	0.014157
602.3	0.014126
602.8	0.014116
603.3	0.014142
603.81	0.014108
604.31	0.01407
604.82	0.014032
605.32	0.014085
605.82	0.014107
606.33	0.01405
606.83	0.014008
607.34	0.014012
607.84	0.014053
608.34	0.013989
608.85	0.013988
609.35	0.013992
609.86	0.014007
610.36	0.013965
610.86	0.013983
611.37	0.013993
611.87	0.013961
612.38	0.013862
612.88	0.013904
613.38	0.013874
613.89	0.013867
614.39	0.013829
614.9	0.01386
615.4	0.013848
615.9	0.013783
616.41	0.013796
616.91	0.013749
617.42	0.013742
617.92	0.013768
618.42	0.013736
618.93	0.013667
619.43	0.01365
619.94	0.01361
620.44	0.013613
620.94	0.013623
621.45	0.013581
621.95	0.013615
622.46	0.013512
622.96	0.013494
623.46	0.0135
623.97	0.013493
624.47	0.01346
624.98	0.01349
625.48	0.013394
625.98	0.013415
626.49	0.013332
626.99	0.013456
627.5	0.013329
628	0.013344
628.5	0.013312
629.01	0.013327
629.51	0.013343
630.02	0.013348
630.52	0.013337
631.02	0.01327
631.53	0.01325
632.03	0.013194
632.54	0.013296
633.04	0.013188
633.54	0.013287
634.05	0.013225
634.55	0.013212
635.06	0.013276
635.56	0.013183
636.06	0.013149
636.57	0.013229
637.07	0.013156
637.58	0.013132
638.08	0.013093
638.58	0.013091
639.09	0.013164
639.59	0.013054
640.1	0.013144
640.6	0.013159
641.1	0.013126
641.61	0.013153
642.11	0.013187
642.62	0.013134
643.12	0.013093
643.62	0.013101
644.13	0.013073
644.63	0.0131
645.14	0.013168
645.64	0.013077
646.14	0.013105
646.65	0.013067
647.15	0.013095
647.66	0.013054
648.16	0.013148
648.66	0.013049
649.17	0.013043
649.67	0.013072
650.18	0.013037
650.68	0.013048
651.18	0.012978
651.69	0.013017
652.19	0.013015
652.7	0.012979
653.2	0.01298
653.7	0.012929
654.21	0.012893
654.71	0.012889
655.22	0.012916
655.72	0.012917
656.22	0.012864
656.73	0.012842
657.23	0.012826
657.74	0.012796
658.24	0.012778
658.74	0.01279
659.25	0.012764
659.75	0.012705
660.26	0.01277
660.76	0.01268
661.26	0.01273
661.77	0.012691
662.27	0.012641
662.78	0.012642
663.28	0.012695
663.78	0.012717
664.29	0.012689
664.79	0.012677
665.3	0.012652
665.8	0.012714
666.3	0.012686
666.81	0.012612
667.31	0.012595
667.82	0.012638
668.32	0.012555
668.82	0.012576
669.33	0.01263
669.83	0.01245
670.34	0.01252
670.84	0.012491
671.34	0.012437
671.85	0.012459
672.35	0.012441
672.86	0.012418
673.36	0.012307
673.86	0.012315
674.37	0.012307
674.87	0.012266
675.38	0.012257
675.88	0.012151
676.38	0.012178
676.89	0.012151
677.39	0.012185
677.9	0.012151
678.4	0.012131
678.9	0.012086
679.41	0.012109
679.91	0.012092
680.42	0.012065
680.92	0.011965
681.42	0.012021
681.93	0.011979
682.43	0.011992
682.94	0.011974
683.44	0.011919
683.94	0.011908
684.45	0.011845
684.95	0.011762
685.46	0.011784
685.96	0.011913
686.46	0.011746
686.97	0.011754
687.47	0.011739
687.98	0.011736
688.48	0.011615
688.98	0.01163
689.49	0.011541
689.99	0.011592
690.5	0.011461
691	0.011517
691.5	0.011543
692.01	0.011401
692.51	0.011377
693.02	0.011315
693.52	0.011322
694.02	0.011245
694.53	0.011306
695.03	0.011176
695.54	0.011208
696.04	0.011104
696.54	0.011101
697.05	0.011037
697.55	0.010968
698.06	0.010897
698.56	0.010844
699.06	0.010873
699.57	0.010911
700.07	0.010942
700.58	0.010908
701.08	0.010693
701.58	0.010737
702.09	0.010677
702.59	0.010686
703.1	0.010677
703.6	0.010502
704.1	0.010594
704.61	0.010547
705.11	0.010682
705.62	0.010617
706.12	0.010555
706.62	0.010505
707.13	0.010454
707.63	0.010375
708.14	0.010265
708.64	0.010353
709.14	0.010256
709.65	0.0103
710.15	0.010283
710.66	0.010263
711.16	0.010064
711.66	0.010074
712.17	0.010014
712.67	0.010076
713.18	0.010053
713.68	0.010028
714.18	0.0099568
714.69	0.0099235
715.19	0.0097197
715.7	0.0097317
716.2	0.0094483
716.7	0.0093602
717.21	0.0093496
717.71	0.0089942
718.22	0.0094863
718.72	0.0095367
719.22	0.0092633
719.73	0.0093568
720.23	0.0087756
720.74	0.0091614
721.24	0.0088413
721.74	0.0087333
722.25	0.0086104
722.75	0.0083575
723.26	0.00843
723.76	0.0082611
724.26	0.0082239
724.77	0.0083573
725.27	0.008262
725.78	0.0081735
726.28	0.007902
726.78	0.0077009
727.29	0.0077234
727.79	0.0076582
728.3	0.0075527
728.8	0.0074448
729.3	0.0075214
729.81	0.0075188
730.31	0.0073699
730.82	0.0074664
731.32	0.0073021
731.82	0.0072656
732.33	0.006799
732.83	0.0070664
733.34	0.0069981
733.84	0.0071155
734.34	0.0067706
734.85	0.0064769
735.35	0.006792
735.86	0.0062089
736.36	0.0064642
736.86	0.006459
737.37	0.0064475
737.87	0.0060346
738.38	0.0062405
738.88	0.0061534
739.38	0.0061859
739.89	0.0061415
740.39	0.0059904
740.9	0.0056352
741.4	0.0056578
741.9	0.0061358
742.41	0.0059903
742.91	0.0057888
743.42	0.0057824
743.92	0.0058331
744.42	0.005652
744.93	0.0055469
745.43	0.0054724
745.94	0.0054487
746.44	0.0056973
746.94	0.0053062
747.45	0.005551
747.95	0.0049937
748.46	0.0051397
748.96	0.0052019
749.46	0.0050932
749.97	0.0054381
750.47	0.0050152
750.98	0.0051995
751.48	0.0049535
751.98	0.005226
752.49	0.0047374
752.99	0.0045306
753.5	0.004862
754	0.0050346
754.5	0.004822
755.01	0.0049462
755.51	0.0051466
756.02	0.0046999
756.52	0.0045756
757.02	0.0044986
757.53	0.0049638
758.03	0.0044438
758.54	0.0043947
759.04	0.0043947
759.54	0.0045157
760.05	0.0050256
760.55	0.0046657
761.06	0.0041673
761.56	0.004735
762.06	0.0041596
762.57	0.0038183
763.07	0.004604
763.58	0.0042048
764.08	0.0033432
764.58	0.0040302
765.09	0.0041692
765.59	0.0044715
766.1	0.0038041
766.6	0.0040749
767.1	0.0037234
767.61	0.0034817
768.11	0.0039375
768.62	0.0038482
769.12	0.0037491
