376.5	0.029129
377.01	0.027988
377.51	0.028938
378.02	0.030986
378.52	0.030341
379.02	0.028763
379.53	0.029616
380.03	0.027932
380.54	0.027113
381.04	0.026653
381.54	0.028031
382.05	0.026043
382.55	0.025669
383.06	0.025364
383.56	0.025509
384.06	0.025665
384.57	0.025343
385.07	0.024508
385.58	0.023509
386.08	0.023459
386.58	0.022854
387.09	0.022697
387.59	0.022177
388.1	0.021494
388.6	0.021971
389.1	0.021031
389.61	0.020241
390.11	0.020939
390.62	0.020715
391.12	0.019204
391.62	0.019228
392.13	0.018992
392.63	0.019179
393.14	0.019283
393.64	0.018443
394.14	0.01802
394.65	0.018578
395.15	0.017633
395.66	0.017018
396.16	0.017077
396.66	0.01703
397.17	0.01663
397.67	0.016378
398.18	0.01654
398.68	0.016015
399.18	0.016008
399.69	0.016089
400.19	0.015994
400.7	0.015784
401.2	0.015682
401.7	0.015438
402.21	0.015891
402.71	0.016045
403.22	0.015463
403.72	0.01595
404.22	0.015871
404.73	0.015996
405.23	0.016007
405.74	0.016204
406.24	0.015535
406.74	0.015646
407.25	0.015705
407.75	0.015824
408.26	0.015891
408.76	0.015948
409.26	0.015716
409.77	0.015684
410.27	0.015935
410.78	0.01616
411.28	0.015997
411.78	0.016056
412.29	0.016488
412.79	0.01644
413.3	0.016372
413.8	0.016487
414.3	0.016477
414.81	0.016604
415.31	0.016698
415.82	0.016736
416.32	0.016505
416.82	0.016956
417.33	0.016575
417.83	0.016716
418.34	0.01669
418.84	0.016616
419.34	0.016489
419.85	0.016643
420.35	0.016557
420.86	0.016661
421.36	0.016402
421.86	0.016707
422.37	0.016651
422.87	0.016688
423.38	0.016364
423.88	0.016683
424.38	0.016512
424.89	0.016219
425.39	0.01641
425.9	0.016489
426.4	0.016396
426.9	0.016396
427.41	0.016269
427.91	0.016475
428.42	0.016194
428.92	0.015994
429.42	0.01609
429.93	0.01621
430.43	0.016213
430.94	0.016173
431.44	0.016189
431.94	0.016185
432.45	0.016223
432.95	0.015993
433.46	0.016027
433.96	0.015925
434.46	0.015894
434.97	0.016072
435.47	0.016025
435.98	0.015776
436.48	0.016024
436.98	0.015988
437.49	0.016023
437.99	0.015917
438.5	0.015809
439	0.015761
439.5	0.015899
440.01	0.015954
440.51	0.016042
441.02	0.015868
441.52	0.015877
442.02	0.015898
442.53	0.015852
443.03	0.015845
443.54	0.015838
444.04	0.015937
444.54	0.015745
445.05	0.016016
445.55	0.01599
446.06	0.015849
446.56	0.01598
447.06	0.015843
447.57	0.015851
448.07	0.016019
448.58	0.0158
449.08	0.015724
449.58	0.015694
450.09	0.015839
450.59	0.015906
451.1	0.015758
451.6	0.015679
452.1	0.015711
452.61	0.015875
453.11	0.01566
453.62	0.015484
454.12	0.015704
454.62	0.015684
455.13	0.015589
455.63	0.015731
456.14	0.015512
456.64	0.015576
457.14	0.015596
457.65	0.01551
458.15	0.015594
458.66	0.01555
459.16	0.015513
459.66	0.015351
460.17	0.015479
460.67	0.015385
461.18	0.01548
461.68	0.015504
462.18	0.015408
462.69	0.015418
463.19	0.015341
463.7	0.015384
464.2	0.015398
464.7	0.015347
465.21	0.015376
465.71	0.01541
466.22	0.015262
466.72	0.015285
467.22	0.015328
467.73	0.015219
468.23	0.015292
468.74	0.01522
469.24	0.015283
469.74	0.015171
470.25	0.015242
470.75	0.015271
471.26	0.015129
471.76	0.01508
472.26	0.015085
472.77	0.015086
473.27	0.015056
473.78	0.015007
474.28	0.014957
474.78	0.015007
475.29	0.01499
475.79	0.014946
476.3	0.014961
476.8	0.014875
477.3	0.014876
477.81	0.014927
478.31	0.014859
478.82	0.014816
479.32	0.014817
479.82	0.01476
480.33	0.014783
480.83	0.014705
481.34	0.014744
481.84	0.014649
482.34	0.014578
482.85	0.014676
483.35	0.014629
483.86	0.01458
484.36	0.014621
484.86	0.014613
485.37	0.014572
485.87	0.014462
486.38	0.014412
486.88	0.014435
487.38	0.014422
487.89	0.014381
488.39	0.014371
488.9	0.014377
489.4	0.014322
489.9	0.014268
490.41	0.014321
490.91	0.014316
491.42	0.014283
491.92	0.014284
492.42	0.014201
492.93	0.014197
493.43	0.014239
493.94	0.014131
494.44	0.014221
494.94	0.014233
495.45	0.014163
495.95	0.014115
496.46	0.014086
496.96	0.014131
497.46	0.014142
497.97	0.014063
498.47	0.014119
498.98	0.014037
499.48	0.014113
499.98	0.014053
500.49	0.014036
500.99	0.014046
501.5	0.013963
502	0.01395
502.5	0.014004
503.01	0.013965
503.51	0.013971
504.02	0.01391
504.52	0.013917
505.02	0.013942
505.53	0.013898
506.03	0.0139
506.54	0.013931
507.04	0.013842
507.54	0.01392
508.05	0.01384
508.55	0.013821
509.06	0.013836
509.56	0.013742
510.06	0.013792
510.57	0.013754
511.07	0.01376
511.58	0.013756
512.08	0.013687
512.58	0.013712
513.09	0.013701
513.59	0.013677
514.1	0.013599
514.6	0.013613
515.1	0.013571
515.61	0.013629
516.11	0.013541
516.62	0.013553
517.12	0.013504
517.62	0.013514
518.13	0.013463
518.63	0.013424
519.14	0.013491
519.64	0.013472
520.14	0.013429
520.65	0.013449
521.15	0.013477
521.66	0.013419
522.16	0.013384
522.66	0.013364
523.17	0.013383
523.67	0.013342
524.18	0.013363
524.68	0.013345
525.18	0.013292
525.69	0.013264
526.19	0.01323
526.7	0.013214
527.2	0.013214
527.7	0.013243
528.21	0.013219
528.71	0.013223
529.22	0.013176
529.72	0.013167
530.22	0.013192
530.73	0.013133
531.23	0.013094
531.74	0.01318
532.24	0.013142
532.74	0.0131
533.25	0.013134
533.75	0.013084
534.26	0.013042
534.76	0.013033
535.26	0.013105
535.77	0.013029
536.27	0.012975
536.78	0.012996
537.28	0.013006
537.78	0.012948
538.29	0.012968
538.79	0.012959
539.3	0.012975
539.8	0.012924
540.3	0.012953
540.81	0.012898
541.31	0.012885
541.82	0.012887
542.32	0.012836
542.82	0.012881
543.33	0.012834
543.83	0.012857
544.34	0.01287
544.84	0.012835
545.34	0.012808
545.85	0.012792
546.35	0.012797
546.86	0.012776
547.36	0.01279
547.86	0.012762
548.37	0.012776
548.87	0.012745
549.38	0.012763
549.88	0.012734
550.38	0.012732
550.89	0.012659
551.39	0.012714
551.9	0.012765
552.4	0.012706
552.9	0.012694
553.41	0.012678
553.91	0.012667
554.42	0.012622
554.92	0.012615
555.42	0.012617
555.93	0.012644
556.43	0.012612
556.94	0.012637
557.44	0.012571
557.94	0.012563
558.45	0.012502
558.95	0.012536
559.46	0.012573
559.96	0.012537
560.46	0.012563
560.97	0.012531
561.47	0.012468
561.98	0.012462
562.48	0.012467
562.98	0.012438
563.49	0.012429
563.99	0.01247
564.5	0.01248
565	0.012435
565.5	0.012423
566.01	0.012387
566.51	0.012384
567.02	0.012365
567.52	0.012383
568.02	0.01238
568.53	0.012314
569.03	0.012347
569.54	0.01235
570.04	0.012302
570.54	0.012341
571.05	0.012263
571.55	0.012278
572.06	0.012297
572.56	0.01225
573.06	0.012249
573.57	0.012291
574.07	0.012239
574.58	0.012257
575.08	0.012208
575.58	0.012229
576.09	0.012241
576.59	0.012166
577.1	0.012243
577.6	0.01218
578.1	0.012215
578.61	0.012178
579.11	0.012211
579.62	0.012116
580.12	0.012131
580.62	0.012112
581.13	0.012156
581.63	0.01212
582.14	0.012153
582.64	0.01217
583.14	0.012176
583.65	0.012131
584.15	0.01216
584.66	0.012101
585.16	0.012106
585.66	0.012119
586.17	0.012056
586.67	0.012102
587.18	0.012043
587.68	0.012071
588.18	0.012064
588.69	0.012035
589.19	0.012121
589.7	0.012009
590.2	0.011994
590.7	0.011911
591.21	0.012017
591.71	0.011975
592.22	0.011978
592.72	0.012009
593.22	0.011928
593.73	0.011955
594.23	0.011959
594.74	0.011936
595.24	0.011941
595.74	0.011899
596.25	0.011881
596.75	0.011924
597.26	0.011914
597.76	0.011885
598.26	0.011876
598.77	0.011869
599.27	0.011811
599.78	0.011838
600.28	0.011852
600.78	0.011834
601.29	0.011894
601.79	0.011808
602.3	0.011828
602.8	0.011776
603.3	0.011804
603.81	0.011807
604.31	0.011797
604.82	0.011735
605.32	0.011835
605.82	0.011775
606.33	0.011789
606.83	0.011802
607.34	0.011788
607.84	0.011759
608.34	0.011732
608.85	0.011702
609.35	0.011731
609.86	0.011723
610.36	0.011703
610.86	0.011727
611.37	0.011674
611.87	0.011699
612.38	0.01167
612.88	0.011712
613.38	0.011621
613.89	0.011628
614.39	0.011599
614.9	0.01163
615.4	0.011669
615.9	0.011595
616.41	0.011609
616.91	0.011564
617.42	0.011587
617.92	0.011534
618.42	0.011521
618.93	0.011524
619.43	0.011501
619.94	0.011549
620.44	0.011557
620.94	0.011555
621.45	0.011456
621.95	0.011467
622.46	0.01147
622.96	0.01145
623.46	0.011487
623.97	0.011463
624.47	0.011409
624.98	0.01143
625.48	0.011366
625.98	0.011411
626.49	0.011358
626.99	0.011361
627.5	0.011316
628	0.011382
628.5	0.011321
629.01	0.011307
629.51	0.011305
630.02	0.011281
630.52	0.011268
631.02	0.011329
631.53	0.011264
632.03	0.011248
632.54	0.01123
633.04	0.011248
633.54	0.011251
634.05	0.011272
634.55	0.01123
635.06	0.011145
635.56	0.01114
636.06	0.01111
636.57	0.011111
637.07	0.011177
637.58	0.011151
638.08	0.011083
638.58	0.01113
639.09	0.011123
639.59	0.011062
640.1	0.011035
640.6	0.01105
641.1	0.011069
641.61	0.011035
642.11	0.011057
642.62	0.010993
643.12	0.010932
643.62	0.011024
644.13	0.010936
644.63	0.010976
645.14	0.010919
645.64	0.010993
646.14	0.010889
646.65	0.010948
647.15	0.010944
647.66	0.010862
648.16	0.01099
648.66	0.010933
649.17	0.010854
649.67	0.01094
650.18	0.010969
650.68	0.01098
651.18	0.010828
651.69	0.010966
652.19	0.010885
652.7	0.010838
653.2	0.010864
653.7	0.010861
654.21	0.010953
654.71	0.010812
655.22	0.010912
655.72	0.010861
656.22	0.010764
656.73	0.010878
657.23	0.010785
657.74	0.010811
658.24	0.010901
658.74	0.010836
659.25	0.010803
659.75	0.010795
660.26	0.01072
660.76	0.010681
661.26	0.010697
661.77	0.01073
662.27	0.010661
662.78	0.010622
663.28	0.010632
663.78	0.010626
664.29	0.010617
664.79	0.010719
665.3	0.010645
665.8	0.010493
666.3	0.010581
666.81	0.01054
667.31	0.010489
667.82	0.010465
668.32	0.010463
668.82	0.010528
669.33	0.010398
669.83	0.010419
670.34	0.010285
670.84	0.01027
671.34	0.010246
671.85	0.010286
672.35	0.010322
672.86	0.010155
673.36	0.010259
673.86	0.010242
674.37	0.0102
674.87	0.0102
675.38	0.010099
675.88	0.010185
676.38	0.01014
676.89	0.0099698
677.39	0.010039
677.9	0.0099788
678.4	0.0099675
678.9	0.010003
679.41	0.010002
679.91	0.0099749
680.42	0.0098772
680.92	0.0098941
681.42	0.0098972
681.93	0.0099191
682.43	0.0098594
682.94	0.0099973
683.44	0.0099112
683.94	0.0099125
684.45	0.009791
684.95	0.0099447
685.46	0.010078
685.96	0.00995
686.46	0.0099046
686.97	0.010043
687.47	0.0098498
687.98	0.0099404
688.48	0.0099634
688.98	0.0099168
689.49	0.0098845
689.99	0.010008
690.5	0.0099491
691	0.010013
691.5	0.0099402
692.01	0.010145
692.51	0.010069
693.02	0.010072
693.52	0.010104
694.02	0.009986
694.53	0.010234
695.03	0.010058
695.54	0.0099425
696.04	0.010221
696.54	0.010005
697.05	0.010156
697.55	0.010123
698.06	0.0099884
698.56	0.010197
699.06	0.009911
699.57	0.0099868
700.07	0.0099127
700.58	0.0099905
701.08	0.0097609
701.58	0.0099987
702.09	0.0098716
702.59	0.0098607
703.1	0.0098619
703.6	0.0098977
704.1	0.00978
704.61	0.0096336
705.11	0.0095449
705.62	0.0096173
706.12	0.0093914
706.62	0.0094547
707.13	0.0096277
707.63	0.0097049
708.14	0.00949
708.64	0.0094303
709.14	0.0093868
709.65	0.0093652
710.15	0.0093774
710.66	0.0088844
711.16	0.0092898
711.66	0.0090103
712.17	0.0094411
712.67	0.0092217
713.18	0.0089067
713.68	0.0091059
714.18	0.0090839
714.69	0.0090298
715.19	0.0089334
715.7	0.0089229
716.2	0.009155
716.7	0.0086493
717.21	0.0087467
717.71	0.0086977
718.22	0.0085201
718.72	0.0088253
719.22	0.0086851
719.73	0.0086939
720.23	0.0086216
720.74	0.0087569
721.24	0.0087014
721.74	0.008602
722.25	0.0087144
722.75	0.008727
723.26	0.0088522
723.76	0.0086956
724.26	0.0087393
724.77	0.0083548
725.27	0.0087254
725.78	0.0084262
726.28	0.0087901
726.78	0.0087597
727.29	0.008896
727.79	0.0090481
728.3	0.008641
728.8	0.0094874
729.3	0.0090253
729.81	0.0093805
730.31	0.00895
730.82	0.0089651
731.32	0.0091664
731.82	0.0086672
732.33	0.0094196
732.83	0.0090891
733.34	0.0092315
733.84	0.009058
734.34	0.0092969
734.85	0.0092792
735.35	0.0092888
735.86	0.0096595
736.36	0.0098682
736.86	0.008805
737.37	0.0095738
737.87	0.0097745
738.38	0.0096243
738.88	0.0092116
739.38	0.010259
739.89	0.0093218
740.39	0.0095406
740.9	0.0096761
741.4	0.010512
741.9	0.0099435
742.41	0.010423
742.91	0.010024
743.42	0.010612
743.92	0.010077
744.42	0.010317
744.93	0.010527
745.43	0.010144
745.94	0.010423
746.44	0.010301
746.94	0.010453
747.45	0.010518
747.95	0.010235
748.46	0.010787
748.96	0.0099689
749.46	0.010729
749.97	0.010247
750.47	0.010833
750.98	0.010726
751.48	0.010699
751.98	0.011182
752.49	0.011296
752.99	0.011377
753.5	0.01078
754	0.010958
754.5	0.011063
755.01	0.010613
755.51	0.010727
756.02	0.011127
756.52	0.010038
757.02	0.011153
757.53	0.011524
758.03	0.010479
758.54	0.010084
759.04	0.011764
759.54	0.011924
760.05	0.010538
760.55	0.010526
761.06	0.011628
761.56	0.011973
762.06	0.011979
762.57	0.011303
763.07	0.011284
763.58	0.011706
764.08	0.010812
764.58	0.012103
765.09	0.013381
765.59	0.012009
766.1	0.011376
766.6	0.012403
767.1	0.012481
767.61	0.012426
768.11	0.010806
768.62	0.011154
769.12	0.012005
