376.5	0.029884
377.01	0.028143
377.51	0.029847
378.02	0.031061
378.52	0.029531
379.02	0.028821
379.53	0.029501
380.03	0.027505
380.54	0.02846
381.04	0.026839
381.54	0.027497
382.05	0.026018
382.55	0.026605
383.06	0.025526
383.56	0.025695
384.06	0.02575
384.57	0.025807
385.07	0.024846
385.58	0.024528
386.08	0.023856
386.58	0.02339
387.09	0.022871
387.59	0.022005
388.1	0.022337
388.6	0.022466
389.1	0.020797
389.61	0.021203
390.11	0.021288
390.62	0.020869
391.12	0.019025
391.62	0.020005
392.13	0.019074
392.63	0.019957
393.14	0.019423
393.64	0.018701
394.14	0.017774
394.65	0.018662
395.15	0.017519
395.66	0.017332
396.16	0.017235
396.66	0.017341
397.17	0.016462
397.67	0.016632
398.18	0.016673
398.68	0.016203
399.18	0.016072
399.69	0.016571
400.19	0.015753
400.7	0.016096
401.2	0.015543
401.7	0.015648
402.21	0.01582
402.71	0.016494
403.22	0.015599
403.72	0.015981
404.22	0.015745
404.73	0.016002
405.23	0.016036
405.74	0.016158
406.24	0.015226
406.74	0.015884
407.25	0.015971
407.75	0.015947
408.26	0.016075
408.76	0.016102
409.26	0.016
409.77	0.015799
410.27	0.016102
410.78	0.016339
411.28	0.016264
411.78	0.016075
412.29	0.016548
412.79	0.016444
413.3	0.016582
413.8	0.016548
414.3	0.016317
414.81	0.016967
415.31	0.016744
415.82	0.016852
416.32	0.016599
416.82	0.017036
417.33	0.016547
417.83	0.016797
418.34	0.016529
418.84	0.016662
419.34	0.01676
419.85	0.016932
420.35	0.016676
420.86	0.016902
421.36	0.01643
421.86	0.016927
422.37	0.016593
422.87	0.016961
423.38	0.016485
423.88	0.016712
424.38	0.016662
424.89	0.016587
425.39	0.016379
425.9	0.016498
426.4	0.016598
426.9	0.016202
427.41	0.016245
427.91	0.01644
428.42	0.016225
428.92	0.016155
429.42	0.015973
429.93	0.016375
430.43	0.016134
430.94	0.016141
431.44	0.016281
431.94	0.016172
432.45	0.015977
432.95	0.016039
433.46	0.015932
433.96	0.016101
434.46	0.015948
434.97	0.016113
435.47	0.016137
435.98	0.01591
436.48	0.016078
436.98	0.016072
437.49	0.015948
437.99	0.015968
438.5	0.015878
439	0.015763
439.5	0.015989
440.01	0.016041
440.51	0.016163
441.02	0.016074
441.52	0.015762
442.02	0.015817
442.53	0.015848
443.03	0.015892
443.54	0.01582
444.04	0.015849
444.54	0.015829
445.05	0.016152
445.55	0.015987
446.06	0.015893
446.56	0.016005
447.06	0.015896
447.57	0.015664
448.07	0.015964
448.58	0.015768
449.08	0.015778
449.58	0.015675
450.09	0.016011
450.59	0.015684
451.1	0.015777
451.6	0.01577
452.1	0.015793
452.61	0.015801
453.11	0.015829
453.62	0.015525
454.12	0.015828
454.62	0.015712
455.13	0.015622
455.63	0.015751
456.14	0.015494
456.64	0.015564
457.14	0.015661
457.65	0.015609
458.15	0.01559
458.66	0.015608
459.16	0.015544
459.66	0.015406
460.17	0.015572
460.67	0.015408
461.18	0.015531
461.68	0.015483
462.18	0.01546
462.69	0.015397
463.19	0.015415
463.7	0.015358
464.2	0.015481
464.7	0.015326
465.21	0.015429
465.71	0.015434
466.22	0.015255
466.72	0.015255
467.22	0.015318
467.73	0.015289
468.23	0.015266
468.74	0.01521
469.24	0.015345
469.74	0.015193
470.25	0.015288
470.75	0.015243
471.26	0.015138
471.76	0.01512
472.26	0.015142
472.77	0.015066
473.27	0.015142
473.78	0.015027
474.28	0.014983
474.78	0.01499
475.29	0.014965
475.79	0.014992
476.3	0.014911
476.8	0.014908
477.3	0.014966
477.81	0.014959
478.31	0.014868
478.82	0.014766
479.32	0.014848
479.82	0.014795
480.33	0.014798
480.83	0.014695
481.34	0.014786
481.84	0.014644
482.34	0.014692
482.85	0.014574
483.35	0.014658
483.86	0.014555
484.36	0.014617
484.86	0.014604
485.37	0.014563
485.87	0.014503
486.38	0.014463
486.88	0.01446
487.38	0.014421
487.89	0.014388
488.39	0.014384
488.9	0.014406
489.4	0.014334
489.9	0.014311
490.41	0.014375
490.91	0.014297
491.42	0.014276
491.92	0.014253
492.42	0.014262
492.93	0.01415
493.43	0.014315
493.94	0.014187
494.44	0.014273
494.94	0.01417
495.45	0.014223
495.95	0.014095
496.46	0.01417
496.96	0.014122
497.46	0.014155
497.97	0.014129
498.47	0.014135
498.98	0.014052
499.48	0.014133
499.98	0.014071
500.49	0.014104
500.99	0.014059
501.5	0.014045
502	0.013982
502.5	0.014058
503.01	0.014007
503.51	0.014037
504.02	0.013921
504.52	0.013924
505.02	0.013943
505.53	0.013926
506.03	0.013953
506.54	0.01395
507.04	0.01389
507.54	0.013932
508.05	0.01387
508.55	0.013846
509.06	0.013878
509.56	0.013769
510.06	0.013767
510.57	0.013797
511.07	0.013729
511.58	0.013754
512.08	0.013709
512.58	0.013699
513.09	0.013737
513.59	0.013662
514.1	0.013638
514.6	0.013598
515.1	0.01358
515.61	0.013671
516.11	0.01351
516.62	0.013579
517.12	0.013494
517.62	0.013494
518.13	0.013489
518.63	0.0135
519.14	0.013497
519.64	0.01351
520.14	0.013406
520.65	0.013471
521.15	0.013412
521.66	0.013455
522.16	0.013369
522.66	0.013383
523.17	0.013415
523.67	0.013378
524.18	0.013332
524.68	0.013397
525.18	0.013278
525.69	0.013304
526.19	0.013242
526.7	0.013253
527.2	0.01327
527.7	0.013266
528.21	0.013266
528.71	0.013227
529.22	0.013206
529.72	0.013238
530.22	0.013176
530.73	0.01316
531.23	0.013127
531.74	0.013192
532.24	0.013159
532.74	0.01312
533.25	0.013117
533.75	0.0131
534.26	0.013068
534.76	0.013025
535.26	0.013064
535.77	0.013036
536.27	0.013003
536.78	0.013028
537.28	0.013004
537.78	0.012933
538.29	0.012971
538.79	0.012962
539.3	0.012997
539.8	0.012978
540.3	0.012961
540.81	0.012914
541.31	0.012924
541.82	0.012859
542.32	0.012908
542.82	0.012903
543.33	0.012868
543.83	0.012886
544.34	0.012842
544.84	0.012868
545.34	0.012813
545.85	0.012793
546.35	0.012833
546.86	0.012777
547.36	0.012765
547.86	0.012768
548.37	0.012791
548.87	0.012785
549.38	0.012772
549.88	0.012726
550.38	0.012742
550.89	0.0127
551.39	0.012678
551.9	0.012769
552.4	0.012729
552.9	0.012686
553.41	0.012666
553.91	0.012714
554.42	0.012623
554.92	0.012646
555.42	0.012632
555.93	0.012656
556.43	0.012537
556.94	0.01264
557.44	0.012568
557.94	0.012593
558.45	0.012536
558.95	0.012569
559.46	0.012566
559.96	0.01252
560.46	0.012538
560.97	0.012557
561.47	0.012504
561.98	0.012465
562.48	0.01251
562.98	0.012471
563.49	0.012452
563.99	0.012493
564.5	0.012511
565	0.012474
565.5	0.012388
566.01	0.012393
566.51	0.012385
567.02	0.012392
567.52	0.012368
568.02	0.012411
568.53	0.012337
569.03	0.012348
569.54	0.012319
570.04	0.012306
570.54	0.012334
571.05	0.012277
571.55	0.012315
572.06	0.012323
572.56	0.012241
573.06	0.01228
573.57	0.012266
574.07	0.01228
574.58	0.012202
575.08	0.012209
575.58	0.012224
576.09	0.012245
576.59	0.012218
577.1	0.012249
577.6	0.01217
578.1	0.012203
578.61	0.012202
579.11	0.012227
579.62	0.01214
580.12	0.012169
580.62	0.012116
581.13	0.01218
581.63	0.012128
582.14	0.012203
582.64	0.012147
583.14	0.012133
583.65	0.012109
584.15	0.012181
584.66	0.012106
585.16	0.012095
585.66	0.012148
586.17	0.012123
586.67	0.012083
587.18	0.012083
587.68	0.012045
588.18	0.012091
588.69	0.012067
589.19	0.012114
589.7	0.012047
590.2	0.011984
590.7	0.011979
591.21	0.012031
591.71	0.011984
592.22	0.012012
592.72	0.011956
593.22	0.011908
593.73	0.011954
594.23	0.01196
594.74	0.011927
595.24	0.01196
595.74	0.011934
596.25	0.01189
596.75	0.011958
597.26	0.011913
597.76	0.011861
598.26	0.011902
598.77	0.011864
599.27	0.011838
599.78	0.011894
600.28	0.011863
600.78	0.011866
601.29	0.011878
601.79	0.011774
602.3	0.011845
602.8	0.011808
603.3	0.011809
603.81	0.011795
604.31	0.011857
604.82	0.011744
605.32	0.011841
605.82	0.011751
606.33	0.011774
606.83	0.011807
607.34	0.011851
607.84	0.011783
608.34	0.011725
608.85	0.011738
609.35	0.011737
609.86	0.011718
610.36	0.011694
610.86	0.011725
611.37	0.011723
611.87	0.011689
612.38	0.01168
612.88	0.011692
613.38	0.01167
613.89	0.011687
614.39	0.011661
614.9	0.011602
615.4	0.011679
615.9	0.01164
616.41	0.011644
616.91	0.011558
617.42	0.011593
617.92	0.01154
618.42	0.011582
618.93	0.011487
619.43	0.01151
619.94	0.011554
620.44	0.011543
620.94	0.011569
621.45	0.011517
621.95	0.011516
622.46	0.011526
622.96	0.011467
623.46	0.011498
623.97	0.011373
624.47	0.011424
624.98	0.011447
625.48	0.01141
625.98	0.011447
626.49	0.011368
626.99	0.011364
627.5	0.011354
628	0.011377
628.5	0.011284
629.01	0.0113
629.51	0.011339
630.02	0.011313
630.52	0.011308
631.02	0.011311
631.53	0.011302
632.03	0.011313
632.54	0.011285
633.04	0.01125
633.54	0.011262
634.05	0.011233
634.55	0.011272
635.06	0.0112
635.56	0.011179
636.06	0.011156
636.57	0.01116
637.07	0.011206
637.58	0.011155
638.08	0.011111
638.58	0.011132
639.09	0.01109
639.59	0.011056
640.1	0.01105
640.6	0.011036
641.1	0.011058
641.61	0.01106
642.11	0.011032
642.62	0.011086
643.12	0.01095
643.62	0.011076
644.13	0.010964
644.63	0.011003
645.14	0.010969
645.64	0.011057
646.14	0.010948
646.65	0.010994
647.15	0.010973
647.66	0.010972
648.16	0.011
648.66	0.010976
649.17	0.010893
649.67	0.010973
650.18	0.010951
650.68	0.010925
651.18	0.010838
651.69	0.011031
652.19	0.010891
652.7	0.010849
653.2	0.010906
653.7	0.010933
654.21	0.010903
654.71	0.010842
655.22	0.010842
655.72	0.010876
656.22	0.010801
656.73	0.010871
657.23	0.01089
657.74	0.010839
658.24	0.010842
658.74	0.010879
659.25	0.010812
659.75	0.010842
660.26	0.01073
660.76	0.010704
661.26	0.010667
661.77	0.010745
662.27	0.010711
662.78	0.010626
663.28	0.010664
663.78	0.0107
664.29	0.010621
664.79	0.010735
665.3	0.010564
665.8	0.010533
666.3	0.010452
666.81	0.010507
667.31	0.010484
667.82	0.010514
668.32	0.010514
668.82	0.010481
669.33	0.010422
669.83	0.010449
670.34	0.01043
670.84	0.010325
671.34	0.010303
671.85	0.010346
672.35	0.010297
672.86	0.010304
673.36	0.010274
673.86	0.010263
674.37	0.010109
674.87	0.010192
675.38	0.010138
675.88	0.010218
676.38	0.010115
676.89	0.010026
677.39	0.0099864
677.9	0.010038
678.4	0.010046
678.9	0.010026
679.41	0.009954
679.91	0.0099452
680.42	0.0099087
680.92	0.0099273
681.42	0.0098782
681.93	0.0098836
682.43	0.0099431
682.94	0.0099973
683.44	0.009931
683.94	0.0099356
684.45	0.0098425
684.95	0.0099684
685.46	0.0099854
685.96	0.010044
686.46	0.0099668
686.97	0.010035
687.47	0.0098481
687.98	0.010049
688.48	0.0099669
688.98	0.010033
689.49	0.0099021
689.99	0.0099817
690.5	0.0098862
691	0.01004
691.5	0.0098774
692.01	0.010138
692.51	0.010014
693.02	0.010009
693.52	0.010116
694.02	0.0099801
694.53	0.010232
695.03	0.010062
695.54	0.010032
696.04	0.010217
696.54	0.010026
697.05	0.010107
697.55	0.010056
698.06	0.010058
698.56	0.010084
699.06	0.0099334
699.57	0.010014
700.07	0.0099657
700.58	0.0099952
701.08	0.0098154
701.58	0.0099435
702.09	0.0098472
702.59	0.0098854
703.1	0.009754
703.6	0.009885
704.1	0.0099684
704.61	0.0096597
705.11	0.0098022
705.62	0.0094019
706.12	0.009364
706.62	0.0095046
707.13	0.0095518
707.63	0.0095192
708.14	0.0095885
708.64	0.0095567
709.14	0.0096019
709.65	0.0092623
710.15	0.0095158
710.66	0.009109
711.16	0.0091758
711.66	0.0090263
712.17	0.0092943
712.67	0.0092183
713.18	0.0091416
713.68	0.0090685
714.18	0.0090007
714.69	0.0090122
715.19	0.009083
715.7	0.0088069
716.2	0.008887
716.7	0.0087575
717.21	0.0088188
717.71	0.0088054
718.22	0.0084499
718.72	0.0086355
719.22	0.0087212
719.73	0.0085226
720.23	0.0087792
720.74	0.0087275
721.24	0.0086844
721.74	0.0086452
722.25	0.0088816
722.75	0.0088342
723.26	0.008816
723.76	0.0084664
724.26	0.0087113
724.77	0.0081232
725.27	0.0088311
725.78	0.0085188
726.28	0.0087753
726.78	0.008599
727.29	0.0089572
727.79	0.0090016
728.3	0.0086671
728.8	0.0092586
729.3	0.0090415
729.81	0.0091018
730.31	0.0088669
730.82	0.0088128
731.32	0.0094346
731.82	0.0086962
732.33	0.009178
732.83	0.0091963
733.34	0.0095393
733.84	0.0091375
734.34	0.0093467
734.85	0.0094183
735.35	0.0094105
735.86	0.0092783
736.36	0.0099077
736.86	0.008665
737.37	0.0095805
737.87	0.0092269
738.38	0.0094306
738.88	0.0089801
739.38	0.010317
739.89	0.0090914
740.39	0.0093583
740.9	0.0097354
741.4	0.010062
741.9	0.0095865
742.41	0.010446
742.91	0.0098298
743.42	0.010438
743.92	0.010461
744.42	0.010634
744.93	0.010379
745.43	0.0097687
745.94	0.010239
746.44	0.010386
746.94	0.01041
747.45	0.010152
747.95	0.01004
748.46	0.010546
748.96	0.0097879
749.46	0.010528
749.97	0.010303
750.47	0.010372
750.98	0.010261
751.48	0.01044
751.98	0.010153
752.49	0.011159
752.99	0.010413
753.5	0.011174
754	0.010492
754.5	0.0103
755.01	0.0103
755.51	0.010685
756.02	0.011373
756.52	0.010454
757.02	0.010392
757.53	0.010661
758.03	0.01011
758.54	0.009893
759.04	0.011227
759.54	0.01135
760.05	0.0095765
760.55	0.010267
761.06	0.010583
761.56	0.011598
762.06	0.01074
762.57	0.0099608
763.07	0.0097434
763.58	0.011073
764.08	0.010926
764.58	0.011283
765.09	0.011547
765.59	0.011049
766.1	0.010536
766.6	0.012376
767.1	0.011139
767.61	0.011576
768.11	0.010089
768.62	0.010851
769.12	0.010475
