376.5	0.03552
377.01	0.035526
377.51	0.035499
378.02	0.035921
378.52	0.035525
379.02	0.034076
379.53	0.034105
380.03	0.031798
380.54	0.032217
381.04	0.031333
381.54	0.031086
382.05	0.030245
382.55	0.029464
383.06	0.028961
383.56	0.029134
384.06	0.028376
384.57	0.028285
385.07	0.027002
385.58	0.026393
386.08	0.026521
386.58	0.026099
387.09	0.024689
387.59	0.02431
388.1	0.024773
388.6	0.024478
389.1	0.02289
389.61	0.023206
390.11	0.023662
390.62	0.022917
391.12	0.021364
391.62	0.021808
392.13	0.021942
392.63	0.021844
393.14	0.021548
393.64	0.020586
394.14	0.020443
394.65	0.020698
395.15	0.019705
395.66	0.019703
396.16	0.019485
396.66	0.019976
397.17	0.01939
397.67	0.019164
398.18	0.01926
398.68	0.019044
399.18	0.018879
399.69	0.019144
400.19	0.018779
400.7	0.018897
401.2	0.01875
401.7	0.018644
402.21	0.018911
402.71	0.019357
403.22	0.019131
403.72	0.019215
404.22	0.019204
404.73	0.018956
405.23	0.018956
405.74	0.019638
406.24	0.018795
406.74	0.019309
407.25	0.018758
407.75	0.019414
408.26	0.019041
408.76	0.019203
409.26	0.019003
409.77	0.019149
410.27	0.019121
410.78	0.019396
411.28	0.019208
411.78	0.019071
412.29	0.019423
412.79	0.019347
413.3	0.019383
413.8	0.019337
414.3	0.019539
414.81	0.019749
415.31	0.019448
415.82	0.019482
416.32	0.019259
416.82	0.019488
417.33	0.019249
417.83	0.019275
418.34	0.01908
418.84	0.019129
419.34	0.018993
419.85	0.019264
420.35	0.018999
420.86	0.018837
421.36	0.018888
421.86	0.019107
422.37	0.018813
422.87	0.018863
423.38	0.018943
423.88	0.018872
424.38	0.018561
424.89	0.01842
425.39	0.018717
425.9	0.018712
426.4	0.018725
426.9	0.01852
427.41	0.018521
427.91	0.018729
428.42	0.018394
428.92	0.018365
429.42	0.018205
429.93	0.01857
430.43	0.018603
430.94	0.018525
431.44	0.018662
431.94	0.018512
432.45	0.018506
432.95	0.018349
433.46	0.018431
433.96	0.018455
434.46	0.018368
434.97	0.018458
435.47	0.018435
435.98	0.018274
436.48	0.018587
436.98	0.01852
437.49	0.018243
437.99	0.018463
438.5	0.018198
439	0.018163
439.5	0.018387
440.01	0.018364
440.51	0.018429
441.02	0.018277
441.52	0.018158
442.02	0.018163
442.53	0.018181
443.03	0.01818
443.54	0.018145
444.04	0.01809
444.54	0.018021
445.05	0.018303
445.55	0.018145
446.06	0.01812
446.56	0.018236
447.06	0.017945
447.57	0.01803
448.07	0.018137
448.58	0.018139
449.08	0.017944
449.58	0.017924
450.09	0.018092
450.59	0.017948
451.1	0.018026
451.6	0.017902
452.1	0.017909
452.61	0.018134
453.11	0.017939
453.62	0.017877
454.12	0.01804
454.62	0.017968
455.13	0.017884
455.63	0.017906
456.14	0.017856
456.64	0.017755
457.14	0.017861
457.65	0.017753
458.15	0.017864
458.66	0.017769
459.16	0.017678
459.66	0.017606
460.17	0.017724
460.67	0.017586
461.18	0.017696
461.68	0.017726
462.18	0.017603
462.69	0.017568
463.19	0.017559
463.7	0.017485
464.2	0.017532
464.7	0.017516
465.21	0.017488
465.71	0.017545
466.22	0.017372
466.72	0.017472
467.22	0.017431
467.73	0.017347
468.23	0.01731
468.74	0.017297
469.24	0.017391
469.74	0.017265
470.25	0.01723
470.75	0.017294
471.26	0.017282
471.76	0.017164
472.26	0.017111
472.77	0.0171
473.27	0.017115
473.78	0.017033
474.28	0.017016
474.78	0.017056
475.29	0.016911
475.79	0.016903
476.3	0.016901
476.8	0.01685
477.3	0.01696
477.81	0.016909
478.31	0.016749
478.82	0.016713
479.32	0.016837
479.82	0.016693
480.33	0.016692
480.83	0.016748
481.34	0.016722
481.84	0.016599
482.34	0.016634
482.85	0.016585
483.35	0.016642
483.86	0.016589
484.36	0.016623
484.86	0.01663
485.37	0.016563
485.87	0.016557
486.38	0.016442
486.88	0.016523
487.38	0.016567
487.89	0.016413
488.39	0.016438
488.9	0.016484
489.4	0.016433
489.9	0.01636
490.41	0.016414
490.91	0.016398
491.42	0.016334
491.92	0.016349
492.42	0.016274
492.93	0.016275
493.43	0.01636
493.94	0.016289
494.44	0.016265
494.94	0.016233
495.45	0.016264
495.95	0.016107
496.46	0.016106
496.96	0.016149
497.46	0.016092
497.97	0.016061
498.47	0.016134
498.98	0.015983
499.48	0.016061
499.98	0.015973
500.49	0.015987
500.99	0.015941
501.5	0.015903
502	0.015892
502.5	0.015875
503.01	0.015791
503.51	0.015774
504.02	0.015742
504.52	0.01572
505.02	0.015758
505.53	0.015709
506.03	0.015698
506.54	0.015668
507.04	0.015613
507.54	0.015651
508.05	0.015592
508.55	0.015549
509.06	0.015571
509.56	0.01553
510.06	0.015526
510.57	0.015506
511.07	0.015465
511.58	0.015429
512.08	0.015463
512.58	0.015431
513.09	0.015399
513.59	0.015356
514.1	0.015304
514.6	0.01533
515.1	0.015258
515.61	0.015288
516.11	0.015314
516.62	0.015197
517.12	0.015214
517.62	0.01519
518.13	0.015149
518.63	0.015108
519.14	0.015146
519.64	0.015088
520.14	0.015096
520.65	0.015122
521.15	0.015075
521.66	0.015028
522.16	0.015043
522.66	0.014997
523.17	0.015029
523.67	0.014991
524.18	0.014983
524.68	0.014923
525.18	0.0149
525.69	0.014896
526.19	0.014851
526.7	0.014851
527.2	0.014866
527.7	0.014832
528.21	0.014824
528.71	0.014822
529.22	0.014733
529.72	0.01474
530.22	0.014771
530.73	0.014727
531.23	0.01468
531.74	0.01471
532.24	0.014646
532.74	0.014648
533.25	0.014683
533.75	0.014641
534.26	0.014615
534.76	0.014577
535.26	0.014593
535.77	0.01456
536.27	0.014548
536.78	0.014558
537.28	0.01457
537.78	0.014493
538.29	0.014452
538.79	0.014449
539.3	0.014491
539.8	0.01446
540.3	0.014464
540.81	0.014421
541.31	0.014426
541.82	0.014411
542.32	0.014342
542.82	0.014385
543.33	0.014363
543.83	0.014337
544.34	0.014367
544.84	0.014319
545.34	0.014284
545.85	0.014305
546.35	0.014334
546.86	0.014316
547.36	0.01424
547.86	0.01423
548.37	0.014274
548.87	0.014249
549.38	0.014236
549.88	0.014185
550.38	0.014199
550.89	0.01418
551.39	0.014186
551.9	0.014211
552.4	0.01413
552.9	0.014122
553.41	0.014126
553.91	0.014127
554.42	0.014087
554.92	0.014055
555.42	0.014083
555.93	0.014071
556.43	0.014062
556.94	0.014063
557.44	0.01403
557.94	0.013999
558.45	0.013982
558.95	0.014016
559.46	0.014022
559.96	0.013997
560.46	0.014006
560.97	0.013992
561.47	0.013926
561.98	0.013913
562.48	0.013929
562.98	0.013914
563.49	0.013914
563.99	0.013907
564.5	0.013922
565	0.013889
565.5	0.013855
566.01	0.013835
566.51	0.013834
567.02	0.013817
567.52	0.013825
568.02	0.013808
568.53	0.013774
569.03	0.013783
569.54	0.013774
570.04	0.01375
570.54	0.013732
571.05	0.01373
571.55	0.013718
572.06	0.013735
572.56	0.013698
573.06	0.013683
573.57	0.013734
574.07	0.013714
574.58	0.013662
575.08	0.013627
575.58	0.013636
576.09	0.013679
576.59	0.013621
577.1	0.013623
577.6	0.01363
578.1	0.01362
578.61	0.013577
579.11	0.013641
579.62	0.013577
580.12	0.013593
580.62	0.013573
581.13	0.013545
581.63	0.013586
582.14	0.013558
582.64	0.01355
583.14	0.013579
583.65	0.013552
584.15	0.013576
584.66	0.013507
585.16	0.01353
585.66	0.013536
586.17	0.013502
586.67	0.013528
587.18	0.013479
587.68	0.013473
588.18	0.013454
588.69	0.013497
589.19	0.013524
589.7	0.013474
590.2	0.013432
590.7	0.013399
591.21	0.013421
591.71	0.013398
592.22	0.013415
592.72	0.013425
593.22	0.013403
593.73	0.013385
594.23	0.013373
594.74	0.013411
595.24	0.013372
595.74	0.01338
596.25	0.013341
596.75	0.013348
597.26	0.013344
597.76	0.013306
598.26	0.013311
598.77	0.01332
599.27	0.013275
599.78	0.013302
600.28	0.013289
600.78	0.013258
601.29	0.013285
601.79	0.013222
602.3	0.013204
602.8	0.013247
603.3	0.013234
603.81	0.013198
604.31	0.013251
604.82	0.013157
605.32	0.013279
605.82	0.013193
606.33	0.013204
606.83	0.013225
607.34	0.013198
607.84	0.013184
608.34	0.013168
608.85	0.013146
609.35	0.013176
609.86	0.013154
610.36	0.013132
610.86	0.013237
611.37	0.013136
611.87	0.013135
612.38	0.013074
612.88	0.013117
613.38	0.013073
613.89	0.013106
614.39	0.013067
614.9	0.013118
615.4	0.013016
615.9	0.013074
616.41	0.013037
616.91	0.013025
617.42	0.013064
617.92	0.012995
618.42	0.013043
618.93	0.013031
619.43	0.012968
619.94	0.012997
620.44	0.013066
620.94	0.01305
621.45	0.012973
621.95	0.013004
622.46	0.012987
622.96	0.012978
623.46	0.012961
623.97	0.012913
624.47	0.012929
624.98	0.01293
625.48	0.012862
625.98	0.012895
626.49	0.012843
626.99	0.012897
627.5	0.012804
628	0.012851
628.5	0.012783
629.01	0.012773
629.51	0.012802
630.02	0.012817
630.52	0.01278
631.02	0.0128
631.53	0.012764
632.03	0.012811
632.54	0.012768
633.04	0.012748
633.54	0.012766
634.05	0.012722
634.55	0.01275
635.06	0.012687
635.56	0.012687
636.06	0.012643
636.57	0.012648
637.07	0.01265
637.58	0.012696
638.08	0.012673
638.58	0.012666
639.09	0.012652
639.59	0.012618
640.1	0.012617
640.6	0.012595
641.1	0.012669
641.61	0.012621
642.11	0.012639
642.62	0.012626
643.12	0.01258
643.62	0.01258
644.13	0.012562
644.63	0.012615
645.14	0.012606
645.64	0.012513
646.14	0.012551
646.65	0.012517
647.15	0.012593
647.66	0.012492
648.16	0.012591
648.66	0.012546
649.17	0.012503
649.67	0.012521
650.18	0.012513
650.68	0.01259
651.18	0.01242
651.69	0.012561
652.19	0.012483
652.7	0.012413
653.2	0.012494
653.7	0.012488
654.21	0.012489
654.71	0.012455
655.22	0.012517
655.72	0.012464
656.22	0.012418
656.73	0.01247
657.23	0.012516
657.74	0.012493
658.24	0.012525
658.74	0.012509
659.25	0.012409
659.75	0.012493
660.26	0.012436
660.76	0.012397
661.26	0.01238
661.77	0.012471
662.27	0.012386
662.78	0.012325
663.28	0.012418
663.78	0.012376
664.29	0.012372
664.79	0.012434
665.3	0.012342
665.8	0.012272
666.3	0.012365
666.81	0.012332
667.31	0.012329
667.82	0.012384
668.32	0.01235
668.82	0.012331
669.33	0.012355
669.83	0.012325
670.34	0.012295
670.84	0.012259
671.34	0.012244
671.85	0.012326
672.35	0.012281
672.86	0.012122
673.36	0.012239
673.86	0.012307
674.37	0.012174
674.87	0.012223
675.38	0.012115
675.88	0.012215
676.38	0.012241
676.89	0.012135
677.39	0.012089
677.9	0.012122
678.4	0.012171
678.9	0.012203
679.41	0.012064
679.91	0.012083
680.42	0.012017
680.92	0.012085
681.42	0.012024
681.93	0.012007
682.43	0.012028
682.94	0.012017
683.44	0.011999
683.94	0.01185
684.45	0.011819
684.95	0.012009
685.46	0.011975
685.96	0.011978
686.46	0.011909
686.97	0.011956
687.47	0.011836
687.98	0.011952
688.48	0.011873
688.98	0.0118
689.49	0.011852
689.99	0.011855
690.5	0.011892
691	0.011928
691.5	0.011927
692.01	0.011987
692.51	0.012051
693.02	0.011882
693.52	0.01199
694.02	0.011921
694.53	0.01208
695.03	0.01192
695.54	0.011975
696.04	0.012095
696.54	0.012018
697.05	0.012136
697.55	0.01222
698.06	0.012053
698.56	0.012279
699.06	0.011997
699.57	0.012232
700.07	0.011972
700.58	0.012352
701.08	0.012241
701.58	0.01226
702.09	0.012316
702.59	0.012243
703.1	0.012223
703.6	0.012528
704.1	0.012235
704.61	0.012417
705.11	0.012301
705.62	0.012396
706.12	0.012356
706.62	0.012495
707.13	0.012266
707.63	0.01249
708.14	0.012425
708.64	0.012568
709.14	0.012347
709.65	0.012442
710.15	0.012622
710.66	0.012216
711.16	0.012544
711.66	0.012192
712.17	0.012756
712.67	0.012589
713.18	0.012501
713.68	0.012413
714.18	0.012437
714.69	0.012383
715.19	0.012533
715.7	0.012277
716.2	0.012752
716.7	0.012285
717.21	0.012282
717.71	0.012358
718.22	0.012011
718.72	0.012526
719.22	0.012398
719.73	0.012213
720.23	0.012308
720.74	0.012453
721.24	0.0123
721.74	0.012281
722.25	0.012396
722.75	0.012403
723.26	0.01231
723.76	0.011858
724.26	0.012202
724.77	0.011996
725.27	0.01223
725.78	0.011801
726.28	0.012216
726.78	0.012256
727.29	0.012497
727.79	0.012658
728.3	0.012197
728.8	0.012707
729.3	0.012606
729.81	0.012872
730.31	0.012447
730.82	0.012506
731.32	0.012968
731.82	0.012146
732.33	0.012819
732.83	0.012756
733.34	0.012665
733.84	0.012736
734.34	0.012566
734.85	0.012983
735.35	0.013049
735.86	0.013226
736.36	0.01339
736.86	0.012238
737.37	0.012772
737.87	0.01345
738.38	0.013105
738.88	0.01293
739.38	0.014068
739.89	0.013482
740.39	0.013195
740.9	0.013547
741.4	0.014279
741.9	0.013726
742.41	0.014263
742.91	0.014064
743.42	0.015083
743.92	0.014488
744.42	0.014561
744.93	0.014814
745.43	0.014478
745.94	0.014903
746.44	0.014648
746.94	0.015175
747.45	0.014612
747.95	0.015295
748.46	0.015376
748.96	0.014578
749.46	0.015019
749.97	0.015043
750.47	0.015167
750.98	0.0156
751.48	0.015607
751.98	0.01585
752.49	0.016474
752.99	0.016012
753.5	0.016326
754	0.015749
754.5	0.015563
755.01	0.015847
755.51	0.016474
756.02	0.016996
756.52	0.016225
757.02	0.017447
757.53	0.016633
758.03	0.016201
758.54	0.016263
759.04	0.018201
759.54	0.017898
760.05	0.01675
760.55	0.016615
761.06	0.017912
761.56	0.018074
762.06	0.01781
762.57	0.017816
763.07	0.018132
763.58	0.018447
764.08	0.01815
764.58	0.018775
765.09	0.019697
765.59	0.019539
766.1	0.018632
766.6	0.019704
767.1	0.019768
767.61	0.019118
768.11	0.017794
768.62	0.019527
769.12	0.019461
