376.5	0.031168
377.01	0.030121
377.51	0.031387
378.02	0.031151
378.52	0.030974
379.02	0.029485
379.53	0.030247
380.03	0.028482
380.54	0.02929
381.04	0.027358
381.54	0.028006
382.05	0.026761
382.55	0.027136
383.06	0.026061
383.56	0.026053
384.06	0.025859
384.57	0.026462
385.07	0.024462
385.58	0.024829
386.08	0.024242
386.58	0.023813
387.09	0.02311
387.59	0.022877
388.1	0.02277
388.6	0.022507
389.1	0.020818
389.61	0.021798
390.11	0.021211
390.62	0.020965
391.12	0.019824
391.62	0.02006
392.13	0.019848
392.63	0.020386
393.14	0.019616
393.64	0.018873
394.14	0.01885
394.65	0.018846
395.15	0.018305
395.66	0.018336
396.16	0.017938
396.66	0.018336
397.17	0.017754
397.67	0.017254
398.18	0.017213
398.68	0.017102
399.18	0.017036
399.69	0.017422
400.19	0.01695
400.7	0.017029
401.2	0.0168
401.7	0.016566
402.21	0.016887
402.71	0.017278
403.22	0.016617
403.72	0.017381
404.22	0.017094
404.73	0.01694
405.23	0.016936
405.74	0.017713
406.24	0.016784
406.74	0.017273
407.25	0.016694
407.75	0.017491
408.26	0.017258
408.76	0.017428
409.26	0.017327
409.77	0.017399
410.27	0.017343
410.78	0.017665
411.28	0.017393
411.78	0.01758
412.29	0.017711
412.79	0.017984
413.3	0.017615
413.8	0.017872
414.3	0.017409
414.81	0.01807
415.31	0.017881
415.82	0.01808
416.32	0.017813
416.82	0.018198
417.33	0.017721
417.83	0.018003
418.34	0.017862
418.84	0.017709
419.34	0.017947
419.85	0.018027
420.35	0.017868
420.86	0.017857
421.36	0.017575
421.86	0.01779
422.37	0.017857
422.87	0.017775
423.38	0.017562
423.88	0.017769
424.38	0.01739
424.89	0.017338
425.39	0.017333
425.9	0.017658
426.4	0.017376
426.9	0.017447
427.41	0.017162
427.91	0.017531
428.42	0.017254
428.92	0.017175
429.42	0.01699
429.93	0.017163
430.43	0.017344
430.94	0.017208
431.44	0.017349
431.94	0.017315
432.45	0.01722
432.95	0.017194
433.46	0.016962
433.96	0.017134
434.46	0.017072
434.97	0.017203
435.47	0.017259
435.98	0.017151
436.48	0.017179
436.98	0.017192
437.49	0.016973
437.99	0.017173
438.5	0.017015
439	0.017058
439.5	0.017119
440.01	0.017299
440.51	0.01727
441.02	0.017076
441.52	0.01689
442.02	0.017073
442.53	0.017072
443.03	0.017133
443.54	0.016908
444.04	0.017042
444.54	0.016805
445.05	0.017123
445.55	0.01711
446.06	0.017015
446.56	0.017093
447.06	0.016968
447.57	0.016903
448.07	0.017023
448.58	0.016918
449.08	0.016973
449.58	0.016762
450.09	0.017063
450.59	0.016908
451.1	0.016881
451.6	0.016932
452.1	0.016887
452.61	0.016956
453.11	0.016909
453.62	0.016761
454.12	0.016938
454.62	0.016765
455.13	0.016744
455.63	0.016842
456.14	0.016781
456.64	0.016797
457.14	0.016887
457.65	0.016691
458.15	0.016758
458.66	0.016773
459.16	0.016697
459.66	0.016665
460.17	0.016701
460.67	0.016672
461.18	0.016714
461.68	0.016752
462.18	0.016654
462.69	0.01665
463.19	0.016733
463.7	0.016567
464.2	0.016654
464.7	0.01659
465.21	0.01659
465.71	0.016534
466.22	0.016528
466.72	0.016461
467.22	0.016517
467.73	0.0164
468.23	0.016518
468.74	0.016395
469.24	0.016509
469.74	0.01628
470.25	0.016346
470.75	0.016313
471.26	0.016299
471.76	0.016203
472.26	0.016206
472.77	0.016171
473.27	0.016168
473.78	0.016152
474.28	0.016073
474.78	0.016109
475.29	0.016095
475.79	0.015972
476.3	0.015999
476.8	0.015899
477.3	0.016042
477.81	0.015953
478.31	0.015903
478.82	0.015774
479.32	0.015832
479.82	0.015812
480.33	0.015791
480.83	0.015716
481.34	0.015821
481.84	0.01575
482.34	0.015804
482.85	0.015774
483.35	0.015793
483.86	0.015651
484.36	0.01576
484.86	0.015709
485.37	0.015706
485.87	0.015545
486.38	0.015606
486.88	0.015618
487.38	0.015641
487.89	0.015583
488.39	0.015586
488.9	0.015544
489.4	0.015585
489.9	0.015536
490.41	0.015622
490.91	0.015588
491.42	0.015561
491.92	0.015554
492.42	0.015497
492.93	0.015467
493.43	0.015513
493.94	0.015392
494.44	0.015407
494.94	0.015409
495.45	0.015422
495.95	0.015318
496.46	0.015374
496.96	0.015406
497.46	0.015367
497.97	0.015288
498.47	0.015361
498.98	0.015254
499.48	0.015304
499.98	0.015239
500.49	0.015231
500.99	0.015201
501.5	0.015079
502	0.015087
502.5	0.015165
503.01	0.015071
503.51	0.015068
504.02	0.014988
504.52	0.01495
505.02	0.015007
505.53	0.014965
506.03	0.014951
506.54	0.014988
507.04	0.014853
507.54	0.014907
508.05	0.014797
508.55	0.014836
509.06	0.014835
509.56	0.014783
510.06	0.014762
510.57	0.014786
511.07	0.014719
511.58	0.014705
512.08	0.014704
512.58	0.01466
513.09	0.014666
513.59	0.01469
514.1	0.014514
514.6	0.014591
515.1	0.01458
515.61	0.014561
516.11	0.01452
516.62	0.014498
517.12	0.014464
517.62	0.014472
518.13	0.014444
518.63	0.014391
519.14	0.014416
519.64	0.014378
520.14	0.014356
520.65	0.014445
521.15	0.014407
521.66	0.014364
522.16	0.014267
522.66	0.014281
523.17	0.014282
523.67	0.014227
524.18	0.014259
524.68	0.014284
525.18	0.014158
525.69	0.014214
526.19	0.014104
526.7	0.014151
527.2	0.014086
527.7	0.014131
528.21	0.01411
528.71	0.014095
529.22	0.014055
529.72	0.014088
530.22	0.01405
530.73	0.014016
531.23	0.013981
531.74	0.014024
532.24	0.014002
532.74	0.013981
533.25	0.013922
533.75	0.013884
534.26	0.013873
534.76	0.013878
535.26	0.013874
535.77	0.013844
536.27	0.01382
536.78	0.013839
537.28	0.013842
537.78	0.013775
538.29	0.013791
538.79	0.013769
539.3	0.01379
539.8	0.013786
540.3	0.013698
540.81	0.013699
541.31	0.013711
541.82	0.013691
542.32	0.013647
542.82	0.013691
543.33	0.013669
543.83	0.013622
544.34	0.013644
544.84	0.013631
545.34	0.013608
545.85	0.013542
546.35	0.013591
546.86	0.013563
547.36	0.013519
547.86	0.013512
548.37	0.013532
548.87	0.013526
549.38	0.013493
549.88	0.013474
550.38	0.013512
550.89	0.013468
551.39	0.013448
551.9	0.013512
552.4	0.013414
552.9	0.013474
553.41	0.013387
553.91	0.013412
554.42	0.013358
554.92	0.013387
555.42	0.013359
555.93	0.013377
556.43	0.013289
556.94	0.013376
557.44	0.013302
557.94	0.013335
558.45	0.013279
558.95	0.013266
559.46	0.013323
559.96	0.013271
560.46	0.013274
560.97	0.013258
561.47	0.013222
561.98	0.013226
562.48	0.013218
562.98	0.013206
563.49	0.013189
563.99	0.013207
564.5	0.013193
565	0.013162
565.5	0.013137
566.01	0.013121
566.51	0.013094
567.02	0.013107
567.52	0.013082
568.02	0.013077
568.53	0.013065
569.03	0.013112
569.54	0.013041
570.04	0.013083
570.54	0.013047
571.05	0.013005
571.55	0.013014
572.06	0.013036
572.56	0.012964
573.06	0.012992
573.57	0.013
574.07	0.012973
574.58	0.012957
575.08	0.012917
575.58	0.012885
576.09	0.012959
576.59	0.012872
577.1	0.012957
577.6	0.012877
578.1	0.012888
578.61	0.012868
579.11	0.012906
579.62	0.01283
580.12	0.012837
580.62	0.012808
581.13	0.012845
581.63	0.012827
582.14	0.012861
582.64	0.012847
583.14	0.012873
583.65	0.012816
584.15	0.012846
584.66	0.012839
585.16	0.012819
585.66	0.012814
586.17	0.012834
586.67	0.012751
587.18	0.012779
587.68	0.012729
588.18	0.012764
588.69	0.012765
589.19	0.012764
589.7	0.012698
590.2	0.012721
590.7	0.012663
591.21	0.012716
591.71	0.012651
592.22	0.012718
592.72	0.012657
593.22	0.012674
593.73	0.012662
594.23	0.012636
594.74	0.012655
595.24	0.012717
595.74	0.0126
596.25	0.0126
596.75	0.012645
597.26	0.012594
597.76	0.01256
598.26	0.012556
598.77	0.012544
599.27	0.012522
599.78	0.012544
600.28	0.012563
600.78	0.012509
601.29	0.012517
601.79	0.0125
602.3	0.012524
602.8	0.012498
603.3	0.012513
603.81	0.012453
604.31	0.012518
604.82	0.012425
605.32	0.012529
605.82	0.012458
606.33	0.012471
606.83	0.012463
607.34	0.012496
607.84	0.012431
608.34	0.012447
608.85	0.012388
609.35	0.012397
609.86	0.012425
610.36	0.012398
610.86	0.012378
611.37	0.012397
611.87	0.012409
612.38	0.012362
612.88	0.012374
613.38	0.012316
613.89	0.012285
614.39	0.012317
614.9	0.012306
615.4	0.012338
615.9	0.012321
616.41	0.0123
616.91	0.012272
617.42	0.012285
617.92	0.012195
618.42	0.012295
618.93	0.012241
619.43	0.012254
619.94	0.012222
620.44	0.012306
620.94	0.012236
621.45	0.012228
621.95	0.01222
622.46	0.012241
622.96	0.012177
623.46	0.012218
623.97	0.012101
624.47	0.012118
624.98	0.012109
625.48	0.012095
625.98	0.012079
626.49	0.01208
626.99	0.012048
627.5	0.012076
628	0.01202
628.5	0.012013
629.01	0.01203
629.51	0.012012
630.02	0.011994
630.52	0.011985
631.02	0.011974
631.53	0.01194
632.03	0.011943
632.54	0.011915
633.04	0.011954
633.54	0.01192
634.05	0.011912
634.55	0.011956
635.06	0.011905
635.56	0.011894
636.06	0.011793
636.57	0.011864
637.07	0.011877
637.58	0.011905
638.08	0.011822
638.58	0.011882
639.09	0.011807
639.59	0.011773
640.1	0.011739
640.6	0.011758
641.1	0.011795
641.61	0.011763
642.11	0.011714
642.62	0.011736
643.12	0.011724
643.62	0.011738
644.13	0.011673
644.63	0.011768
645.14	0.011661
645.64	0.011719
646.14	0.011628
646.65	0.011717
647.15	0.011604
647.66	0.011609
648.16	0.011654
648.66	0.011691
649.17	0.011569
649.67	0.01165
650.18	0.011615
650.68	0.011619
651.18	0.011584
651.69	0.011683
652.19	0.011603
652.7	0.011584
653.2	0.011594
653.7	0.011618
654.21	0.011587
654.71	0.011578
655.22	0.01164
655.72	0.011537
656.22	0.011484
656.73	0.011589
657.23	0.011559
657.74	0.011553
658.24	0.011594
658.74	0.011583
659.25	0.011513
659.75	0.011539
660.26	0.011424
660.76	0.011493
661.26	0.011392
661.77	0.011474
662.27	0.011421
662.78	0.011366
663.28	0.011378
663.78	0.011427
664.29	0.011371
664.79	0.011475
665.3	0.011278
665.8	0.011282
666.3	0.011271
666.81	0.011257
667.31	0.011195
667.82	0.011283
668.32	0.011269
668.82	0.011237
669.33	0.011129
669.83	0.011275
670.34	0.01116
670.84	0.011105
671.34	0.011106
671.85	0.011129
672.35	0.011086
672.86	0.011056
673.36	0.010986
673.86	0.011063
674.37	0.010865
674.87	0.010981
675.38	0.010975
675.88	0.010935
676.38	0.010995
676.89	0.010818
677.39	0.010765
677.9	0.010788
678.4	0.010807
678.9	0.01085
679.41	0.010666
679.91	0.010745
680.42	0.010734
680.92	0.010759
681.42	0.01059
681.93	0.010584
682.43	0.010544
682.94	0.010639
683.44	0.010603
683.94	0.010591
684.45	0.010506
684.95	0.010663
685.46	0.010579
685.96	0.010616
686.46	0.010525
686.97	0.010664
687.47	0.010339
687.98	0.010614
688.48	0.010528
688.98	0.010465
689.49	0.010419
689.99	0.010561
690.5	0.010431
691	0.01051
691.5	0.010407
692.01	0.01062
692.51	0.010595
693.02	0.010527
693.52	0.010567
694.02	0.010422
694.53	0.010628
695.03	0.01057
695.54	0.01054
696.04	0.010816
696.54	0.010618
697.05	0.010668
697.55	0.010731
698.06	0.0106
698.56	0.010584
699.06	0.01054
699.57	0.010678
700.07	0.010563
700.58	0.010736
701.08	0.010467
701.58	0.010491
702.09	0.010511
702.59	0.01058
703.1	0.010607
703.6	0.010582
704.1	0.010516
704.61	0.010311
705.11	0.010484
705.62	0.010269
706.12	0.010294
706.62	0.010153
707.13	0.010258
707.63	0.010242
708.14	0.010183
708.64	0.010092
709.14	0.010295
709.65	0.009952
710.15	0.010168
710.66	0.0097703
711.16	0.0099038
711.66	0.0096332
712.17	0.010019
712.67	0.0099229
713.18	0.0097457
713.68	0.0098307
714.18	0.009604
714.69	0.0096617
715.19	0.0097595
715.7	0.0094667
716.2	0.0095221
716.7	0.0092316
717.21	0.0091488
717.71	0.0095436
718.22	0.0092486
718.72	0.0093986
719.22	0.0093307
719.73	0.0091914
720.23	0.0093888
720.74	0.0092735
721.24	0.0093445
721.74	0.0089694
722.25	0.0092467
722.75	0.0089816
723.26	0.0091012
723.76	0.0087644
724.26	0.0091587
724.77	0.0086858
725.27	0.0094224
725.78	0.0089577
726.28	0.0091648
726.78	0.0091666
727.29	0.009401
727.79	0.0095387
728.3	0.0090599
728.8	0.0095938
729.3	0.0093224
729.81	0.009375
730.31	0.0093491
730.82	0.0091004
731.32	0.0096629
731.82	0.0091078
732.33	0.0094785
732.83	0.0092736
733.34	0.0097263
733.84	0.0093395
734.34	0.0096636
734.85	0.0095447
735.35	0.0099678
735.86	0.0097758
736.36	0.010263
736.86	0.008825
737.37	0.010128
737.87	0.0097266
738.38	0.0097281
738.88	0.0093729
739.38	0.010696
739.89	0.010006
740.39	0.010248
740.9	0.010054
741.4	0.01058
741.9	0.0099359
742.41	0.010554
742.91	0.010709
743.42	0.010928
743.92	0.010277
744.42	0.010732
744.93	0.010518
745.43	0.010327
745.94	0.010832
746.44	0.010403
746.94	0.010988
747.45	0.010475
747.95	0.010509
748.46	0.010823
748.96	0.010141
749.46	0.010592
749.97	0.010349
750.47	0.010833
750.98	0.011097
751.48	0.010881
751.98	0.010716
752.49	0.012314
752.99	0.011308
753.5	0.011497
754	0.010665
754.5	0.011259
755.01	0.010906
755.51	0.011431
756.02	0.011223
756.52	0.011041
757.02	0.011316
757.53	0.011291
758.03	0.011039
758.54	0.011435
759.04	0.011684
759.54	0.012166
760.05	0.010831
760.55	0.010573
761.06	0.012424
761.56	0.011961
762.06	0.010946
762.57	0.010884
763.07	0.011036
763.58	0.012265
764.08	0.011889
764.58	0.011988
765.09	0.012464
765.59	0.012113
766.1	0.012124
766.6	0.012482
767.1	0.012212
767.61	0.012237
768.11	0.01105
768.62	0.011815
769.12	0.011853
