376.5	0.034299
377.01	0.033984
377.51	0.034236
378.02	0.035516
378.52	0.033949
379.02	0.032373
379.53	0.032341
380.03	0.030918
380.54	0.031523
381.04	0.030455
381.54	0.030437
382.05	0.029272
382.55	0.028591
383.06	0.027878
383.56	0.02828
384.06	0.02761
384.57	0.027725
385.07	0.026233
385.58	0.026694
386.08	0.025523
386.58	0.025497
387.09	0.025298
387.59	0.023976
388.1	0.023866
388.6	0.024334
389.1	0.022636
389.61	0.022423
390.11	0.02248
390.62	0.022138
391.12	0.020566
391.62	0.021216
392.13	0.02094
392.63	0.021218
393.14	0.020683
393.64	0.02031
394.14	0.019791
394.65	0.019827
395.15	0.018682
395.66	0.019285
396.16	0.018798
396.66	0.019136
397.17	0.018473
397.67	0.018213
398.18	0.018203
398.68	0.017718
399.18	0.017766
399.69	0.018537
400.19	0.017906
400.7	0.017956
401.2	0.017938
401.7	0.018001
402.21	0.017748
402.71	0.018586
403.22	0.017853
403.72	0.018169
404.22	0.018269
404.73	0.017807
405.23	0.017766
405.74	0.018356
406.24	0.017798
406.74	0.018131
407.25	0.018139
407.75	0.018341
408.26	0.018189
408.76	0.018383
409.26	0.018231
409.77	0.018379
410.27	0.018289
410.78	0.018545
411.28	0.018383
411.78	0.018257
412.29	0.018666
412.79	0.018809
413.3	0.01853
413.8	0.018609
414.3	0.018641
414.81	0.018783
415.31	0.018538
415.82	0.018723
416.32	0.01842
416.82	0.018587
417.33	0.018453
417.83	0.018466
418.34	0.018149
418.84	0.018244
419.34	0.018477
419.85	0.018483
420.35	0.018401
420.86	0.018479
421.36	0.018207
421.86	0.018148
422.37	0.018386
422.87	0.018249
423.38	0.018037
423.88	0.018064
424.38	0.017961
424.89	0.017816
425.39	0.0179
425.9	0.018118
426.4	0.017767
426.9	0.017885
427.41	0.01764
427.91	0.017946
428.42	0.017742
428.92	0.017618
429.42	0.01761
429.93	0.017914
430.43	0.017816
430.94	0.017627
431.44	0.0178
431.94	0.017684
432.45	0.017709
432.95	0.01764
433.46	0.017762
433.96	0.017646
434.46	0.017682
434.97	0.017735
435.47	0.017882
435.98	0.017626
436.48	0.017741
436.98	0.017651
437.49	0.017546
437.99	0.017675
438.5	0.01757
439	0.017379
439.5	0.017529
440.01	0.017677
440.51	0.017816
441.02	0.017586
441.52	0.017452
442.02	0.017501
442.53	0.017447
443.03	0.017465
443.54	0.017484
444.04	0.017528
444.54	0.017358
445.05	0.017519
445.55	0.017453
446.06	0.017273
446.56	0.017499
447.06	0.017348
447.57	0.017269
448.07	0.017439
448.58	0.017371
449.08	0.017252
449.58	0.017304
450.09	0.017493
450.59	0.017333
451.1	0.017328
451.6	0.017295
452.1	0.017253
452.61	0.017355
453.11	0.017232
453.62	0.017137
454.12	0.017346
454.62	0.017289
455.13	0.017146
455.63	0.017081
456.14	0.017014
456.64	0.017097
457.14	0.017108
457.65	0.017138
458.15	0.017077
458.66	0.017113
459.16	0.016957
459.66	0.017036
460.17	0.016962
460.67	0.016934
461.18	0.017011
461.68	0.01704
462.18	0.016936
462.69	0.016946
463.19	0.016974
463.7	0.016838
464.2	0.016978
464.7	0.016843
465.21	0.016856
465.71	0.016856
466.22	0.016765
466.72	0.016806
467.22	0.016866
467.73	0.016681
468.23	0.016682
468.74	0.01672
469.24	0.016717
469.74	0.016642
470.25	0.016661
470.75	0.016598
471.26	0.016545
471.76	0.016513
472.26	0.016479
472.77	0.016437
473.27	0.016478
473.78	0.016405
474.28	0.016354
474.78	0.016429
475.29	0.016334
475.79	0.016274
476.3	0.016204
476.8	0.016276
477.3	0.016188
477.81	0.016217
478.31	0.016116
478.82	0.016082
479.32	0.016057
479.82	0.016039
480.33	0.016035
480.83	0.015941
481.34	0.016029
481.84	0.015909
482.34	0.016004
482.85	0.015948
483.35	0.016012
483.86	0.015909
484.36	0.015979
484.86	0.015979
485.37	0.015922
485.87	0.015861
486.38	0.015821
486.88	0.015846
487.38	0.015846
487.89	0.015803
488.39	0.015807
488.9	0.015835
489.4	0.015819
489.9	0.015748
490.41	0.015812
490.91	0.015818
491.42	0.015782
491.92	0.015758
492.42	0.01568
492.93	0.015765
493.43	0.015777
493.94	0.015644
494.44	0.015727
494.94	0.015639
495.45	0.015643
495.95	0.015589
496.46	0.015566
496.96	0.015548
497.46	0.015559
497.97	0.015486
498.47	0.01554
498.98	0.015407
499.48	0.015503
499.98	0.015382
500.49	0.015434
500.99	0.015387
501.5	0.015293
502	0.015308
502.5	0.015318
503.01	0.015237
503.51	0.015201
504.02	0.015216
504.52	0.015211
505.02	0.015118
505.53	0.015136
506.03	0.015115
506.54	0.015145
507.04	0.015003
507.54	0.01507
508.05	0.01501
508.55	0.015045
509.06	0.01501
509.56	0.014901
510.06	0.014941
510.57	0.014914
511.07	0.014919
511.58	0.014918
512.08	0.014811
512.58	0.014814
513.09	0.014842
513.59	0.014852
514.1	0.01471
514.6	0.014739
515.1	0.014717
515.61	0.014773
516.11	0.014684
516.62	0.014659
517.12	0.014644
517.62	0.014551
518.13	0.014563
518.63	0.014553
519.14	0.014581
519.64	0.014559
520.14	0.014485
520.65	0.0145
521.15	0.014494
521.66	0.014488
522.16	0.014399
522.66	0.014411
523.17	0.014488
523.67	0.014367
524.18	0.0144
524.68	0.014406
525.18	0.01435
525.69	0.014307
526.19	0.014274
526.7	0.014241
527.2	0.014223
527.7	0.014257
528.21	0.014224
528.71	0.014204
529.22	0.014219
529.72	0.014198
530.22	0.014184
530.73	0.014176
531.23	0.01411
531.74	0.014152
532.24	0.014107
532.74	0.014084
533.25	0.014074
533.75	0.014058
534.26	0.014017
534.76	0.014026
535.26	0.014051
535.77	0.013966
536.27	0.01392
536.78	0.013957
537.28	0.013934
537.78	0.013921
538.29	0.013909
538.79	0.013846
539.3	0.013895
539.8	0.013892
540.3	0.013815
540.81	0.013848
541.31	0.013842
541.82	0.013821
542.32	0.01379
542.82	0.013815
543.33	0.013759
543.83	0.013738
544.34	0.013799
544.84	0.013714
545.34	0.013702
545.85	0.013697
546.35	0.013723
546.86	0.013658
547.36	0.013671
547.86	0.013625
548.37	0.013676
548.87	0.013642
549.38	0.013614
549.88	0.013559
550.38	0.013592
550.89	0.013578
551.39	0.013565
551.9	0.013646
552.4	0.013549
552.9	0.013531
553.41	0.013531
553.91	0.01356
554.42	0.013463
554.92	0.013442
555.42	0.013515
555.93	0.013443
556.43	0.013419
556.94	0.013495
557.44	0.013417
557.94	0.013443
558.45	0.013398
558.95	0.013411
559.46	0.013437
559.96	0.013376
560.46	0.013404
560.97	0.013396
561.47	0.013314
561.98	0.013359
562.48	0.013291
562.98	0.01329
563.49	0.013311
563.99	0.013326
564.5	0.013327
565	0.013294
565.5	0.01325
566.01	0.013213
566.51	0.013258
567.02	0.013199
567.52	0.013201
568.02	0.013231
568.53	0.013163
569.03	0.013179
569.54	0.013159
570.04	0.013155
570.54	0.013129
571.05	0.01315
571.55	0.013179
572.06	0.013153
572.56	0.013136
573.06	0.013141
573.57	0.013139
574.07	0.013093
574.58	0.013089
575.08	0.013031
575.58	0.013043
576.09	0.013063
576.59	0.01303
577.1	0.013075
577.6	0.012966
578.1	0.013024
578.61	0.012999
579.11	0.013015
579.62	0.012951
580.12	0.013002
580.62	0.012955
581.13	0.012961
581.63	0.012931
582.14	0.012979
582.64	0.012978
583.14	0.012966
583.65	0.012926
584.15	0.012985
584.66	0.012925
585.16	0.012911
585.66	0.012884
586.17	0.012906
586.67	0.012934
587.18	0.01288
587.68	0.012914
588.18	0.012877
588.69	0.012865
589.19	0.012891
589.7	0.012864
590.2	0.012857
590.7	0.012799
591.21	0.012835
591.71	0.012829
592.22	0.012835
592.72	0.01284
593.22	0.012834
593.73	0.012831
594.23	0.012756
594.74	0.012835
595.24	0.012815
595.74	0.012779
596.25	0.012668
596.75	0.012748
597.26	0.012706
597.76	0.012765
598.26	0.012692
598.77	0.012735
599.27	0.012672
599.78	0.012712
600.28	0.012673
600.78	0.012653
601.29	0.012702
601.79	0.012619
602.3	0.012668
602.8	0.012675
603.3	0.012635
603.81	0.012609
604.31	0.012609
604.82	0.012537
605.32	0.012715
605.82	0.012561
606.33	0.012605
606.83	0.012624
607.34	0.012628
607.84	0.012603
608.34	0.012577
608.85	0.012539
609.35	0.012556
609.86	0.012575
610.36	0.012533
610.86	0.012595
611.37	0.012522
611.87	0.012555
612.38	0.012456
612.88	0.012515
613.38	0.012461
613.89	0.012473
614.39	0.01249
614.9	0.012496
615.4	0.012484
615.9	0.012466
616.41	0.012469
616.91	0.012437
617.42	0.012388
617.92	0.012457
618.42	0.012456
618.93	0.012404
619.43	0.012419
619.94	0.012414
620.44	0.012417
620.94	0.012379
621.45	0.01239
621.95	0.012368
622.46	0.012373
622.96	0.012345
623.46	0.012376
623.97	0.012297
624.47	0.012352
624.98	0.012294
625.48	0.012241
625.98	0.012312
626.49	0.01224
626.99	0.012251
627.5	0.012184
628	0.012232
628.5	0.012158
629.01	0.012278
629.51	0.012172
630.02	0.012206
630.52	0.012165
631.02	0.012191
631.53	0.012171
632.03	0.01216
632.54	0.012166
633.04	0.01217
633.54	0.012131
634.05	0.012117
634.55	0.012172
635.06	0.012091
635.56	0.012141
636.06	0.0121
636.57	0.012124
637.07	0.01217
637.58	0.012063
638.08	0.01211
638.58	0.012095
639.09	0.012079
639.59	0.012046
640.1	0.01206
640.6	0.011997
641.1	0.012067
641.61	0.012023
642.11	0.012007
642.62	0.011964
643.12	0.011896
643.62	0.011995
644.13	0.011984
644.63	0.01197
645.14	0.011939
645.64	0.011941
646.14	0.011853
646.65	0.011941
647.15	0.011911
647.66	0.01187
648.16	0.011964
648.66	0.01193
649.17	0.011842
649.67	0.011856
650.18	0.011803
650.68	0.011887
651.18	0.011823
651.69	0.011967
652.19	0.011878
652.7	0.011833
653.2	0.011868
653.7	0.011852
654.21	0.011881
654.71	0.011805
655.22	0.01182
655.72	0.011839
656.22	0.011761
656.73	0.011829
657.23	0.011801
657.74	0.011764
658.24	0.011859
658.74	0.011879
659.25	0.011823
659.75	0.011794
660.26	0.011794
660.76	0.011733
661.26	0.011776
661.77	0.011809
662.27	0.011742
662.78	0.011678
663.28	0.01179
663.78	0.011763
664.29	0.01174
664.79	0.011792
665.3	0.011728
665.8	0.011643
666.3	0.011673
666.81	0.011749
667.31	0.011691
667.82	0.011617
668.32	0.011638
668.82	0.011686
669.33	0.011655
669.83	0.011636
670.34	0.01162
670.84	0.011559
671.34	0.011512
671.85	0.01158
672.35	0.011665
672.86	0.011494
673.36	0.011539
673.86	0.011586
674.37	0.011452
674.87	0.011445
675.38	0.011458
675.88	0.011386
676.38	0.011513
676.89	0.011344
677.39	0.011411
677.9	0.011285
678.4	0.011425
678.9	0.011345
679.41	0.011291
679.91	0.011259
680.42	0.011238
680.92	0.011335
681.42	0.011166
681.93	0.011129
682.43	0.011172
682.94	0.01119
683.44	0.011225
683.94	0.011109
684.45	0.011046
684.95	0.011213
685.46	0.011214
685.96	0.01112
686.46	0.011133
686.97	0.01122
687.47	0.011093
687.98	0.011256
688.48	0.011056
688.98	0.011038
689.49	0.011034
689.99	0.011024
690.5	0.010989
691	0.011121
691.5	0.011109
692.01	0.01122
692.51	0.011232
693.02	0.011115
693.52	0.011215
694.02	0.011229
694.53	0.011307
695.03	0.011167
695.54	0.011159
696.04	0.011373
696.54	0.011343
697.05	0.01139
697.55	0.011452
698.06	0.01149
698.56	0.011634
699.06	0.011309
699.57	0.011472
700.07	0.011488
700.58	0.011459
701.08	0.011458
701.58	0.011602
702.09	0.01153
702.59	0.011568
703.1	0.011586
703.6	0.011744
704.1	0.011489
704.61	0.011521
705.11	0.011574
705.62	0.011408
706.12	0.011516
706.62	0.01152
707.13	0.011501
707.63	0.011502
708.14	0.011417
708.64	0.01183
709.14	0.011549
709.65	0.011247
710.15	0.011386
710.66	0.011333
711.16	0.011442
711.66	0.011396
712.17	0.011597
712.67	0.011491
713.18	0.011383
713.68	0.011461
714.18	0.011379
714.69	0.011428
715.19	0.011333
715.7	0.011276
716.2	0.011519
716.7	0.010833
717.21	0.011235
717.71	0.010978
718.22	0.010943
718.72	0.011206
719.22	0.011163
719.73	0.011088
720.23	0.01128
720.74	0.011214
721.24	0.010993
721.74	0.011174
722.25	0.011063
722.75	0.011076
723.26	0.011251
723.76	0.010754
724.26	0.011233
724.77	0.010809
725.27	0.011201
725.78	0.011215
726.28	0.01129
726.78	0.011246
727.29	0.011309
727.79	0.011439
728.3	0.011328
728.8	0.011403
729.3	0.011488
729.81	0.011577
730.31	0.011372
730.82	0.011305
731.32	0.011649
731.82	0.011154
732.33	0.011876
732.83	0.011774
733.34	0.011699
733.84	0.011733
734.34	0.011907
734.85	0.011586
735.35	0.012152
735.86	0.01194
736.36	0.012515
736.86	0.011311
737.37	0.012028
737.87	0.011753
738.38	0.012129
738.88	0.011892
739.38	0.013087
739.89	0.011769
740.39	0.012414
740.9	0.01282
741.4	0.013161
741.9	0.012465
742.41	0.013397
742.91	0.013122
743.42	0.013611
743.92	0.013418
744.42	0.013528
744.93	0.013724
745.43	0.013028
745.94	0.014251
746.44	0.013521
746.94	0.013725
747.45	0.013905
747.95	0.014047
748.46	0.014508
748.96	0.01369
749.46	0.014361
749.97	0.014334
750.47	0.01446
750.98	0.014327
751.48	0.014457
751.98	0.014773
752.49	0.014977
752.99	0.015176
753.5	0.014841
754	0.014888
754.5	0.014603
755.01	0.015053
755.51	0.015055
756.02	0.016267
756.52	0.015084
757.02	0.015784
757.53	0.015295
758.03	0.015562
758.54	0.016094
759.04	0.016338
759.54	0.016795
760.05	0.016164
760.55	0.0154
761.06	0.017057
761.56	0.016757
762.06	0.016608
762.57	0.016314
763.07	0.016529
763.58	0.017082
764.08	0.017212
764.58	0.017098
765.09	0.018328
765.59	0.017878
766.1	0.017215
766.6	0.018564
767.1	0.018359
767.61	0.017944
768.11	0.017361
768.62	0.017888
769.12	0.018979
