376.5	0.032613
377.01	0.031445
377.51	0.031803
378.02	0.032876
378.52	0.032609
379.02	0.030914
379.53	0.030835
380.03	0.02851
380.54	0.029018
381.04	0.029113
381.54	0.029062
382.05	0.027824
382.55	0.028073
383.06	0.026758
383.56	0.026709
384.06	0.026917
384.57	0.026653
385.07	0.024846
385.58	0.025281
386.08	0.025319
386.58	0.024594
387.09	0.023992
387.59	0.023082
388.1	0.023181
388.6	0.023519
389.1	0.022098
389.61	0.021669
390.11	0.022054
390.62	0.021484
391.12	0.020443
391.62	0.020365
392.13	0.020603
392.63	0.020789
393.14	0.019887
393.64	0.019519
394.14	0.019308
394.65	0.020112
395.15	0.018788
395.66	0.019084
396.16	0.018822
396.66	0.018414
397.17	0.018281
397.67	0.017943
398.18	0.018425
398.68	0.017696
399.18	0.017418
399.69	0.018056
400.19	0.017747
400.7	0.01778
401.2	0.017479
401.7	0.017562
402.21	0.018165
402.71	0.018188
403.22	0.017635
403.72	0.018212
404.22	0.018047
404.73	0.018007
405.23	0.018137
405.74	0.01867
406.24	0.017915
406.74	0.018252
407.25	0.017753
407.75	0.018186
408.26	0.018363
408.76	0.018471
409.26	0.018338
409.77	0.018389
410.27	0.018501
410.78	0.018366
411.28	0.018317
411.78	0.018507
412.29	0.01892
412.79	0.018613
413.3	0.018912
413.8	0.018892
414.3	0.019001
414.81	0.018801
415.31	0.018918
415.82	0.018839
416.32	0.018819
416.82	0.018899
417.33	0.018804
417.83	0.018785
418.34	0.018329
418.84	0.018617
419.34	0.018774
419.85	0.018873
420.35	0.018621
420.86	0.018638
421.36	0.018521
421.86	0.018433
422.37	0.018454
422.87	0.018449
423.38	0.018165
423.88	0.01834
424.38	0.018162
424.89	0.018046
425.39	0.018148
425.9	0.018317
426.4	0.018026
426.9	0.018073
427.41	0.017919
427.91	0.018317
428.42	0.018005
428.92	0.017826
429.42	0.017802
429.93	0.018008
430.43	0.018186
430.94	0.018039
431.44	0.018037
431.94	0.018077
432.45	0.018053
432.95	0.017934
433.46	0.01793
433.96	0.017938
434.46	0.017853
434.97	0.017938
435.47	0.018058
435.98	0.017868
436.48	0.018038
436.98	0.017894
437.49	0.017879
437.99	0.017847
438.5	0.017862
439	0.017846
439.5	0.017911
440.01	0.017848
440.51	0.017993
441.02	0.017846
441.52	0.017707
442.02	0.017688
442.53	0.017791
443.03	0.017778
443.54	0.01765
444.04	0.017818
444.54	0.017639
445.05	0.017824
445.55	0.017878
446.06	0.017712
446.56	0.017793
447.06	0.017637
447.57	0.017571
448.07	0.017641
448.58	0.017601
449.08	0.017461
449.58	0.017408
450.09	0.017743
450.59	0.017675
451.1	0.017671
451.6	0.01765
452.1	0.017583
452.61	0.017718
453.11	0.017616
453.62	0.017387
454.12	0.017626
454.62	0.017508
455.13	0.017434
455.63	0.017559
456.14	0.017425
456.64	0.017331
457.14	0.017587
457.65	0.017434
458.15	0.017435
458.66	0.017379
459.16	0.017395
459.66	0.017278
460.17	0.017364
460.67	0.017314
461.18	0.017343
461.68	0.01743
462.18	0.017242
462.69	0.017189
463.19	0.017185
463.7	0.017219
464.2	0.017161
464.7	0.017173
465.21	0.017147
465.71	0.017191
466.22	0.017023
466.72	0.017084
467.22	0.017042
467.73	0.017
468.23	0.016927
468.74	0.016941
469.24	0.017022
469.74	0.016855
470.25	0.016833
470.75	0.016846
471.26	0.016813
471.76	0.016759
472.26	0.016788
472.77	0.016713
473.27	0.016783
473.78	0.016686
474.28	0.016591
474.78	0.016633
475.29	0.016582
475.79	0.016542
476.3	0.016477
476.8	0.01655
477.3	0.016501
477.81	0.016487
478.31	0.016349
478.82	0.016341
479.32	0.01637
479.82	0.016377
480.33	0.016349
480.83	0.016282
481.34	0.016286
481.84	0.016246
482.34	0.016244
482.85	0.016233
483.35	0.016238
483.86	0.016171
484.36	0.016295
484.86	0.016253
485.37	0.016256
485.87	0.016192
486.38	0.016126
486.88	0.016184
487.38	0.016151
487.89	0.016109
488.39	0.016122
488.9	0.016133
489.4	0.016107
489.9	0.016049
490.41	0.01611
490.91	0.016083
491.42	0.016067
491.92	0.015985
492.42	0.016015
492.93	0.015968
493.43	0.016036
493.94	0.015947
494.44	0.015912
494.94	0.015887
495.45	0.015947
495.95	0.015857
496.46	0.015805
496.96	0.015808
497.46	0.015815
497.97	0.015727
498.47	0.01576
498.98	0.015691
499.48	0.015677
499.98	0.015641
500.49	0.015686
500.99	0.015594
501.5	0.015496
502	0.015485
502.5	0.015469
503.01	0.015421
503.51	0.015448
504.02	0.015376
504.52	0.015358
505.02	0.015335
505.53	0.015308
506.03	0.015327
506.54	0.015348
507.04	0.015201
507.54	0.015276
508.05	0.015241
508.55	0.015172
509.06	0.015205
509.56	0.015075
510.06	0.015136
510.57	0.015121
511.07	0.015041
511.58	0.015066
512.08	0.015021
512.58	0.015024
513.09	0.015031
513.59	0.014967
514.1	0.014903
514.6	0.014899
515.1	0.014898
515.61	0.014915
516.11	0.014848
516.62	0.014824
517.12	0.014773
517.62	0.014763
518.13	0.014739
518.63	0.014683
519.14	0.014745
519.64	0.014711
520.14	0.014631
520.65	0.014686
521.15	0.014637
521.66	0.014624
522.16	0.014606
522.66	0.014601
523.17	0.014617
523.67	0.014566
524.18	0.014568
524.68	0.014542
525.18	0.014469
525.69	0.014479
526.19	0.014411
526.7	0.014397
527.2	0.014429
527.7	0.014401
528.21	0.014403
528.71	0.014348
529.22	0.014329
529.72	0.014358
530.22	0.014301
530.73	0.014304
531.23	0.014265
531.74	0.014298
532.24	0.014269
532.74	0.014242
533.25	0.014198
533.75	0.01417
534.26	0.014171
534.76	0.014143
535.26	0.014182
535.77	0.014125
536.27	0.014079
536.78	0.014117
537.28	0.014082
537.78	0.014031
538.29	0.014039
538.79	0.014026
539.3	0.014021
539.8	0.014011
540.3	0.013976
540.81	0.01393
541.31	0.013959
541.82	0.013922
542.32	0.013915
542.82	0.013964
543.33	0.013928
543.83	0.013889
544.34	0.013911
544.84	0.013874
545.34	0.013857
545.85	0.013813
546.35	0.013866
546.86	0.013837
547.36	0.013747
547.86	0.013735
548.37	0.013806
548.87	0.013747
549.38	0.013759
549.88	0.013689
550.38	0.013744
550.89	0.013691
551.39	0.013671
551.9	0.01375
552.4	0.013709
552.9	0.013644
553.41	0.013655
553.91	0.013654
554.42	0.013593
554.92	0.013578
555.42	0.013614
555.93	0.013602
556.43	0.013521
556.94	0.013575
557.44	0.013537
557.94	0.013531
558.45	0.013508
558.95	0.013503
559.46	0.013513
559.96	0.013495
560.46	0.013481
560.97	0.013468
561.47	0.0134
561.98	0.013433
562.48	0.013392
562.98	0.013427
563.49	0.013376
563.99	0.013454
564.5	0.013403
565	0.013343
565.5	0.013297
566.01	0.013329
566.51	0.013338
567.02	0.013275
567.52	0.013252
568.02	0.013298
568.53	0.013269
569.03	0.013242
569.54	0.013285
570.04	0.013242
570.54	0.013256
571.05	0.013191
571.55	0.013242
572.06	0.013189
572.56	0.01317
573.06	0.013156
573.57	0.013197
574.07	0.013148
574.58	0.013121
575.08	0.013089
575.58	0.013123
576.09	0.013143
576.59	0.013096
577.1	0.013128
577.6	0.013022
578.1	0.013088
578.61	0.013055
579.11	0.013076
579.62	0.013005
580.12	0.013015
580.62	0.012988
581.13	0.013032
581.63	0.013026
582.14	0.013008
582.64	0.013023
583.14	0.012999
583.65	0.013007
584.15	0.012951
584.66	0.012922
585.16	0.012976
585.66	0.012964
586.17	0.012948
586.67	0.012935
587.18	0.012899
587.68	0.012916
588.18	0.012895
588.69	0.012903
589.19	0.012953
589.7	0.012906
590.2	0.012898
590.7	0.012811
591.21	0.012839
591.71	0.012807
592.22	0.012847
592.72	0.012864
593.22	0.012772
593.73	0.012786
594.23	0.012806
594.74	0.012796
595.24	0.012813
595.74	0.012805
596.25	0.012694
596.75	0.012764
597.26	0.012752
597.76	0.012722
598.26	0.012711
598.77	0.012726
599.27	0.012665
599.78	0.012699
600.28	0.012666
600.78	0.012636
601.29	0.012683
601.79	0.012608
602.3	0.012631
602.8	0.01261
603.3	0.012618
603.81	0.012599
604.31	0.012592
604.82	0.012524
605.32	0.012616
605.82	0.012566
606.33	0.012589
606.83	0.01259
607.34	0.012623
607.84	0.012554
608.34	0.012546
608.85	0.012497
609.35	0.012515
609.86	0.012542
610.36	0.012492
610.86	0.012569
611.37	0.012476
611.87	0.012464
612.38	0.012442
612.88	0.012443
613.38	0.012401
613.89	0.012415
614.39	0.012434
614.9	0.01244
615.4	0.012433
615.9	0.012425
616.41	0.012393
616.91	0.012363
617.42	0.012399
617.92	0.012379
618.42	0.012332
618.93	0.01234
619.43	0.01239
619.94	0.01239
620.44	0.012336
620.94	0.01239
621.45	0.012337
621.95	0.012312
622.46	0.012331
622.96	0.012288
623.46	0.012291
623.97	0.01224
624.47	0.012205
624.98	0.012207
625.48	0.01221
625.98	0.012227
626.49	0.012166
626.99	0.012149
627.5	0.012161
628	0.012144
628.5	0.012086
629.01	0.012119
629.51	0.012118
630.02	0.012133
630.52	0.01207
631.02	0.012113
631.53	0.01204
632.03	0.012043
632.54	0.012059
633.04	0.012059
633.54	0.012065
634.05	0.012083
634.55	0.012059
635.06	0.01192
635.56	0.012047
636.06	0.011942
636.57	0.01194
637.07	0.01198
637.58	0.011976
638.08	0.011915
638.58	0.011931
639.09	0.011889
639.59	0.011864
640.1	0.011861
640.6	0.011894
641.1	0.011909
641.61	0.011848
642.11	0.011875
642.62	0.011878
643.12	0.011745
643.62	0.011815
644.13	0.011768
644.63	0.011796
645.14	0.011817
645.64	0.011804
646.14	0.011721
646.65	0.011731
647.15	0.011765
647.66	0.011677
648.16	0.011696
648.66	0.011688
649.17	0.011651
649.67	0.011665
650.18	0.011703
650.68	0.011719
651.18	0.01161
651.69	0.011763
652.19	0.011682
652.7	0.01165
653.2	0.011624
653.7	0.011617
654.21	0.011621
654.71	0.011598
655.22	0.011629
655.72	0.011591
656.22	0.011487
656.73	0.011566
657.23	0.011629
657.74	0.011508
658.24	0.011627
658.74	0.011605
659.25	0.011529
659.75	0.011598
660.26	0.011491
660.76	0.011456
661.26	0.011397
661.77	0.011545
662.27	0.011573
662.78	0.011475
663.28	0.011486
663.78	0.01152
664.29	0.011516
664.79	0.011506
665.3	0.011442
665.8	0.011425
666.3	0.011368
666.81	0.011358
667.31	0.01129
667.82	0.011337
668.32	0.011285
668.82	0.011327
669.33	0.011302
669.83	0.011332
670.34	0.011294
670.84	0.011227
671.34	0.011135
671.85	0.011252
672.35	0.011216
672.86	0.011081
673.36	0.011151
673.86	0.01109
674.37	0.01107
674.87	0.011064
675.38	0.011024
675.88	0.010979
676.38	0.011046
676.89	0.010889
677.39	0.010903
677.9	0.010938
678.4	0.010838
678.9	0.010806
679.41	0.010776
679.91	0.010824
680.42	0.010643
680.92	0.010739
681.42	0.010678
681.93	0.010661
682.43	0.010599
682.94	0.01074
683.44	0.01056
683.94	0.010545
684.45	0.010514
684.95	0.010682
685.46	0.010689
685.96	0.010561
686.46	0.010574
686.97	0.010645
687.47	0.010506
687.98	0.010679
688.48	0.010514
688.98	0.010496
689.49	0.010424
689.99	0.010533
690.5	0.010464
691	0.010509
691.5	0.010489
692.01	0.010689
692.51	0.010661
693.02	0.010604
693.52	0.010678
694.02	0.010469
694.53	0.010754
695.03	0.010492
695.54	0.010603
696.04	0.010828
696.54	0.010745
697.05	0.010744
697.55	0.010764
698.06	0.010515
698.56	0.010736
699.06	0.010614
699.57	0.010567
700.07	0.010558
700.58	0.010759
701.08	0.010622
701.58	0.010685
702.09	0.010623
702.59	0.010548
703.1	0.010597
703.6	0.010742
704.1	0.010415
704.61	0.010504
705.11	0.010595
705.62	0.010142
706.12	0.010234
706.62	0.01017
707.13	0.010202
707.63	0.010342
708.14	0.010162
708.64	0.010409
709.14	0.010092
709.65	0.010046
710.15	0.010288
710.66	0.0099918
711.16	0.010015
711.66	0.010002
712.17	0.0099794
712.67	0.010022
713.18	0.0097256
713.68	0.0097796
714.18	0.0097773
714.69	0.0097424
715.19	0.0097915
715.7	0.0095429
716.2	0.0097607
716.7	0.0093772
717.21	0.0093953
717.71	0.0095398
718.22	0.0092681
718.72	0.0093709
719.22	0.0093347
719.73	0.0093137
720.23	0.0094427
720.74	0.0095044
721.24	0.0092892
721.74	0.0090861
722.25	0.0092775
722.75	0.0092183
723.26	0.0093274
723.76	0.0091357
724.26	0.0093126
724.77	0.0087567
725.27	0.0095186
725.78	0.0090796
726.28	0.0092486
726.78	0.0091967
727.29	0.0096305
727.79	0.0094716
728.3	0.0089657
728.8	0.0097215
729.3	0.0095546
729.81	0.0095498
730.31	0.009471
730.82	0.009388
731.32	0.0099255
731.82	0.0092005
732.33	0.0098202
732.83	0.0094998
733.34	0.010052
733.84	0.009823
734.34	0.00985
734.85	0.0096332
735.35	0.0096155
735.86	0.010202
736.36	0.010355
736.86	0.0093049
737.37	0.0097225
737.87	0.0098498
738.38	0.0099633
738.88	0.009415
739.38	0.010481
739.89	0.0096601
740.39	0.0096354
740.9	0.0099875
741.4	0.010805
741.9	0.0097536
742.41	0.010477
742.91	0.010499
743.42	0.01111
743.92	0.010717
744.42	0.01087
744.93	0.010871
745.43	0.010569
745.94	0.011117
746.44	0.010617
746.94	0.011472
747.45	0.010623
747.95	0.010668
748.46	0.011431
748.96	0.010802
749.46	0.010784
749.97	0.010611
750.47	0.01089
750.98	0.010793
751.48	0.011293
751.98	0.011385
752.49	0.011766
752.99	0.011298
753.5	0.011315
754	0.01109
754.5	0.010919
755.01	0.011219
755.51	0.011231
756.02	0.011716
756.52	0.01119
757.02	0.011034
757.53	0.011004
758.03	0.010882
758.54	0.010591
759.04	0.012027
759.54	0.012005
760.05	0.011651
760.55	0.010066
761.06	0.01202
761.56	0.011683
762.06	0.011967
762.57	0.01097
763.07	0.011893
763.58	0.012104
764.08	0.012206
764.58	0.012282
765.09	0.012852
765.59	0.012191
766.1	0.01215
766.6	0.013184
767.1	0.013219
767.61	0.012696
768.11	0.011077
768.62	0.012229
769.12	0.012777
