376.5	0.035199
377.01	0.035526
377.51	0.035453
378.02	0.035846
378.52	0.034111
379.02	0.033456
379.53	0.03389
380.03	0.032858
380.54	0.031958
381.04	0.031585
381.54	0.031252
382.05	0.030463
382.55	0.029591
383.06	0.029297
383.56	0.028317
384.06	0.028315
384.57	0.028594
385.07	0.02741
385.58	0.027238
386.08	0.02702
386.58	0.026065
387.09	0.025418
387.59	0.024913
388.1	0.024593
388.6	0.025067
389.1	0.023347
389.61	0.023553
390.11	0.023556
390.62	0.023196
391.12	0.021382
391.62	0.021725
392.13	0.02216
392.63	0.022104
393.14	0.02161
393.64	0.020809
394.14	0.020892
394.65	0.020849
395.15	0.019943
395.66	0.020177
396.16	0.020061
396.66	0.01975
397.17	0.019528
397.67	0.019351
398.18	0.019622
398.68	0.019065
399.18	0.019191
399.69	0.019444
400.19	0.019081
400.7	0.019133
401.2	0.018982
401.7	0.019463
402.21	0.019618
402.71	0.01973
403.22	0.019026
403.72	0.019502
404.22	0.019521
404.73	0.019605
405.23	0.019501
405.74	0.020219
406.24	0.019221
406.74	0.019458
407.25	0.019681
407.75	0.01966
408.26	0.01984
408.76	0.019786
409.26	0.019877
409.77	0.019689
410.27	0.019613
410.78	0.019904
411.28	0.019627
411.78	0.019782
412.29	0.020323
412.79	0.01983
413.3	0.019742
413.8	0.020224
414.3	0.019973
414.81	0.020121
415.31	0.019802
415.82	0.020129
416.32	0.02005
416.82	0.020069
417.33	0.019903
417.83	0.01992
418.34	0.019686
418.84	0.019457
419.34	0.019594
419.85	0.019716
420.35	0.019514
420.86	0.019494
421.36	0.019433
421.86	0.019451
422.37	0.019216
422.87	0.019329
423.38	0.019258
423.88	0.019326
424.38	0.019337
424.89	0.019127
425.39	0.019009
425.9	0.019147
426.4	0.018981
426.9	0.018978
427.41	0.019111
427.91	0.019156
428.42	0.019016
428.92	0.01881
429.42	0.018735
429.93	0.019149
430.43	0.019107
430.94	0.018977
431.44	0.019024
431.94	0.018983
432.45	0.019239
432.95	0.018904
433.46	0.018895
433.96	0.018884
434.46	0.018717
434.97	0.019089
435.47	0.01907
435.98	0.018826
436.48	0.018782
436.98	0.018951
437.49	0.01878
437.99	0.019001
438.5	0.018874
439	0.018663
439.5	0.01886
440.01	0.018794
440.51	0.018967
441.02	0.018729
441.52	0.018617
442.02	0.018692
442.53	0.018691
443.03	0.018626
443.54	0.018571
444.04	0.018738
444.54	0.018388
445.05	0.01874
445.55	0.018712
446.06	0.018605
446.56	0.018695
447.06	0.018637
447.57	0.018422
448.07	0.018651
448.58	0.018581
449.08	0.018381
449.58	0.018405
450.09	0.018664
450.59	0.018559
451.1	0.018464
451.6	0.018513
452.1	0.018396
452.61	0.018546
453.11	0.018484
453.62	0.018309
454.12	0.018499
454.62	0.018458
455.13	0.018341
455.63	0.018383
456.14	0.018275
456.64	0.018269
457.14	0.018276
457.65	0.018257
458.15	0.018292
458.66	0.018278
459.16	0.018116
459.66	0.018054
460.17	0.018038
460.67	0.018125
461.18	0.018008
461.68	0.018051
462.18	0.017992
462.69	0.017968
463.19	0.017944
463.7	0.017926
464.2	0.017925
464.7	0.017806
465.21	0.017903
465.71	0.017825
466.22	0.017706
466.72	0.017707
467.22	0.017771
467.73	0.017622
468.23	0.017581
468.74	0.017681
469.24	0.017706
469.74	0.017501
470.25	0.017545
470.75	0.017557
471.26	0.017566
471.76	0.017436
472.26	0.017492
472.77	0.017361
473.27	0.01745
473.78	0.017435
474.28	0.017321
474.78	0.017302
475.29	0.017323
475.79	0.017197
476.3	0.017219
476.8	0.017219
477.3	0.017151
477.81	0.017193
478.31	0.017095
478.82	0.017059
479.32	0.017117
479.82	0.017011
480.33	0.017109
480.83	0.017044
481.34	0.017097
481.84	0.016999
482.34	0.016988
482.85	0.017036
483.35	0.017027
483.86	0.016977
484.36	0.017034
484.86	0.017084
485.37	0.01696
485.87	0.016959
486.38	0.016904
486.88	0.016946
487.38	0.016976
487.89	0.016827
488.39	0.016804
488.9	0.01683
489.4	0.016798
489.9	0.016792
490.41	0.016777
490.91	0.016738
491.42	0.01672
491.92	0.016726
492.42	0.016673
492.93	0.01665
493.43	0.016669
493.94	0.016593
494.44	0.016547
494.94	0.016522
495.45	0.016507
495.95	0.016416
496.46	0.016376
496.96	0.016386
497.46	0.016372
497.97	0.016316
498.47	0.016361
498.98	0.016172
499.48	0.016267
499.98	0.016218
500.49	0.016217
500.99	0.016133
501.5	0.016073
502	0.016002
502.5	0.016052
503.01	0.016049
503.51	0.015989
504.02	0.015955
504.52	0.015904
505.02	0.015916
505.53	0.015851
506.03	0.015903
506.54	0.015934
507.04	0.015767
507.54	0.015831
508.05	0.015775
508.55	0.015796
509.06	0.015759
509.56	0.015609
510.06	0.015679
510.57	0.015729
511.07	0.01558
511.58	0.015609
512.08	0.015549
512.58	0.015552
513.09	0.015516
513.59	0.015531
514.1	0.015404
514.6	0.015444
515.1	0.015456
515.61	0.015396
516.11	0.015401
516.62	0.015342
517.12	0.015301
517.62	0.015255
518.13	0.015228
518.63	0.015209
519.14	0.015277
519.64	0.015185
520.14	0.015198
520.65	0.015216
521.15	0.01517
521.66	0.015152
522.16	0.015072
522.66	0.015096
523.17	0.015092
523.67	0.015041
524.18	0.015013
524.68	0.015011
525.18	0.014963
525.69	0.01495
526.19	0.014914
526.7	0.014917
527.2	0.014912
527.7	0.014884
528.21	0.014882
528.71	0.014888
529.22	0.014876
529.72	0.014864
530.22	0.014823
530.73	0.014753
531.23	0.014774
531.74	0.014779
532.24	0.014768
532.74	0.014712
533.25	0.014717
533.75	0.014688
534.26	0.014697
534.76	0.014631
535.26	0.014701
535.77	0.014556
536.27	0.014573
536.78	0.014631
537.28	0.014603
537.78	0.014539
538.29	0.014567
538.79	0.014544
539.3	0.014562
539.8	0.014511
540.3	0.014472
540.81	0.014459
541.31	0.01448
541.82	0.014421
542.32	0.014424
542.82	0.014437
543.33	0.014425
543.83	0.014373
544.34	0.014359
544.84	0.01435
545.34	0.014352
545.85	0.014285
546.35	0.014324
546.86	0.014284
547.36	0.014278
547.86	0.014276
548.37	0.014331
548.87	0.014259
549.38	0.014269
549.88	0.01416
550.38	0.014225
550.89	0.014198
551.39	0.014214
551.9	0.014236
552.4	0.014148
552.9	0.01418
553.41	0.014104
553.91	0.014143
554.42	0.014085
554.92	0.014119
555.42	0.014107
555.93	0.014103
556.43	0.014008
556.94	0.014054
557.44	0.014009
557.94	0.013984
558.45	0.013961
558.95	0.013978
559.46	0.013989
559.96	0.013939
560.46	0.013963
560.97	0.013947
561.47	0.01392
561.98	0.013885
562.48	0.013883
562.98	0.013875
563.49	0.013861
563.99	0.013898
564.5	0.013866
565	0.013829
565.5	0.013785
566.01	0.013793
566.51	0.013773
567.02	0.013733
567.52	0.013722
568.02	0.013756
568.53	0.013701
569.03	0.013708
569.54	0.013682
570.04	0.013682
570.54	0.013659
571.05	0.013632
571.55	0.013679
572.06	0.013689
572.56	0.013591
573.06	0.013646
573.57	0.013651
574.07	0.013602
574.58	0.013587
575.08	0.013535
575.58	0.013513
576.09	0.013549
576.59	0.013521
577.1	0.013542
577.6	0.013491
578.1	0.013513
578.61	0.013538
579.11	0.013487
579.62	0.013456
580.12	0.013437
580.62	0.013443
581.13	0.013392
581.63	0.013402
582.14	0.013455
582.64	0.013412
583.14	0.013463
583.65	0.013407
584.15	0.01341
584.66	0.013376
585.16	0.013394
585.66	0.013379
586.17	0.013369
586.67	0.013352
587.18	0.013332
587.68	0.013304
588.18	0.013336
588.69	0.013364
589.19	0.013322
589.7	0.013317
590.2	0.013283
590.7	0.013234
591.21	0.013239
591.71	0.01323
592.22	0.013288
592.72	0.013251
593.22	0.013204
593.73	0.013233
594.23	0.013208
594.74	0.013217
595.24	0.013222
595.74	0.013193
596.25	0.013132
596.75	0.0132
597.26	0.013151
597.76	0.013132
598.26	0.013135
598.77	0.013142
599.27	0.0131
599.78	0.013123
600.28	0.013078
600.78	0.013059
601.29	0.013074
601.79	0.01308
602.3	0.013072
602.8	0.013017
603.3	0.013013
603.81	0.01301
604.31	0.013002
604.82	0.012933
605.32	0.013068
605.82	0.013028
606.33	0.012979
606.83	0.013038
607.34	0.012998
607.84	0.012953
608.34	0.012997
608.85	0.012954
609.35	0.012937
609.86	0.012968
610.36	0.012896
610.86	0.012937
611.37	0.012889
611.87	0.012904
612.38	0.01285
612.88	0.012835
613.38	0.012846
613.89	0.012894
614.39	0.012851
614.9	0.012843
615.4	0.012834
615.9	0.012834
616.41	0.012815
616.91	0.01277
617.42	0.012785
617.92	0.012753
618.42	0.012817
618.93	0.012776
619.43	0.012722
619.94	0.012767
620.44	0.012786
620.94	0.012744
621.45	0.012745
621.95	0.012738
622.46	0.012731
622.96	0.012731
623.46	0.012722
623.97	0.012665
624.47	0.012688
624.98	0.01264
625.48	0.012601
625.98	0.012682
626.49	0.012614
626.99	0.012588
627.5	0.012591
628	0.012609
628.5	0.012509
629.01	0.012566
629.51	0.012578
630.02	0.012547
630.52	0.012496
631.02	0.012542
631.53	0.01248
632.03	0.012532
632.54	0.012517
633.04	0.012505
633.54	0.012478
634.05	0.012527
634.55	0.012543
635.06	0.01244
635.56	0.012498
636.06	0.012453
636.57	0.012429
637.07	0.012478
637.58	0.012478
638.08	0.012402
638.58	0.012399
639.09	0.012359
639.59	0.012342
640.1	0.012332
640.6	0.012348
641.1	0.012399
641.61	0.012374
642.11	0.012311
642.62	0.012247
643.12	0.012224
643.62	0.01233
644.13	0.01229
644.63	0.012298
645.14	0.01228
645.64	0.012256
646.14	0.012255
646.65	0.012239
647.15	0.012269
647.66	0.012128
648.16	0.012264
648.66	0.012194
649.17	0.012208
649.67	0.012231
650.18	0.012229
650.68	0.012187
651.18	0.012076
651.69	0.012224
652.19	0.012163
652.7	0.012123
653.2	0.012125
653.7	0.012163
654.21	0.012145
654.71	0.012053
655.22	0.012193
655.72	0.012142
656.22	0.012077
656.73	0.012075
657.23	0.012117
657.74	0.012108
658.24	0.012072
658.74	0.012087
659.25	0.01212
659.75	0.012067
660.26	0.011974
660.76	0.012014
661.26	0.012007
661.77	0.012108
662.27	0.01203
662.78	0.011969
663.28	0.011954
663.78	0.012044
664.29	0.012
664.79	0.012065
665.3	0.011905
665.8	0.011905
666.3	0.011938
666.81	0.011901
667.31	0.011882
667.82	0.011952
668.32	0.011907
668.82	0.011898
669.33	0.0119
669.83	0.011942
670.34	0.011861
670.84	0.011831
671.34	0.011798
671.85	0.011879
672.35	0.011866
672.86	0.01174
673.36	0.011899
673.86	0.011782
674.37	0.011724
674.87	0.011726
675.38	0.011648
675.88	0.011703
676.38	0.011819
676.89	0.01172
677.39	0.011771
677.9	0.011603
678.4	0.011708
678.9	0.011585
679.41	0.011617
679.91	0.011587
680.42	0.011472
680.92	0.011608
681.42	0.011525
681.93	0.011465
682.43	0.011503
682.94	0.011454
683.44	0.011361
683.94	0.011453
684.45	0.011299
684.95	0.011399
685.46	0.011447
685.96	0.011361
686.46	0.011352
686.97	0.011458
687.47	0.011288
687.98	0.011303
688.48	0.011332
688.98	0.011227
689.49	0.011229
689.99	0.011212
690.5	0.01121
691	0.011431
691.5	0.011218
692.01	0.011336
692.51	0.011364
693.02	0.011337
693.52	0.011418
694.02	0.011298
694.53	0.01157
695.03	0.011347
695.54	0.011318
696.04	0.011653
696.54	0.011421
697.05	0.011518
697.55	0.011732
698.06	0.011529
698.56	0.011574
699.06	0.011549
699.57	0.011638
700.07	0.011493
700.58	0.011679
701.08	0.011648
701.58	0.011636
702.09	0.011691
702.59	0.011732
703.1	0.011689
703.6	0.011767
704.1	0.011817
704.61	0.011659
705.11	0.011776
705.62	0.011472
706.12	0.011697
706.62	0.011703
707.13	0.011751
707.63	0.011828
708.14	0.011855
708.64	0.01173
709.14	0.011716
709.65	0.011604
710.15	0.011927
710.66	0.011573
711.16	0.011626
711.66	0.011611
712.17	0.01163
712.67	0.01164
713.18	0.011571
713.68	0.01158
714.18	0.011608
714.69	0.011617
715.19	0.011543
715.7	0.011573
716.2	0.011688
716.7	0.011415
717.21	0.011197
717.71	0.011493
718.22	0.011228
718.72	0.011554
719.22	0.011392
719.73	0.011214
720.23	0.011296
720.74	0.011516
721.24	0.011321
721.74	0.011131
722.25	0.011464
722.75	0.011398
723.26	0.011242
723.76	0.010978
724.26	0.011373
724.77	0.010993
725.27	0.011499
725.78	0.011298
726.28	0.011285
726.78	0.011321
727.29	0.011385
727.79	0.011641
728.3	0.01128
728.8	0.011781
729.3	0.011402
729.81	0.011691
730.31	0.011466
730.82	0.011384
731.32	0.011643
731.82	0.011166
732.33	0.011959
732.83	0.011684
733.34	0.012001
733.84	0.011739
734.34	0.011565
734.85	0.011599
735.35	0.011877
735.86	0.012373
736.36	0.012528
736.86	0.011351
737.37	0.012238
737.87	0.012129
738.38	0.01224
738.88	0.012158
739.38	0.01313
739.89	0.012223
740.39	0.012436
740.9	0.012983
741.4	0.013529
741.9	0.012511
742.41	0.013014
742.91	0.013091
743.42	0.013793
743.92	0.013865
744.42	0.013699
744.93	0.013503
745.43	0.013469
745.94	0.013691
746.44	0.013845
746.94	0.013914
747.45	0.013503
747.95	0.013755
748.46	0.014338
748.96	0.013636
749.46	0.014288
749.97	0.013644
750.47	0.013876
750.98	0.014679
751.48	0.01439
751.98	0.014588
752.49	0.015427
752.99	0.015196
753.5	0.015366
754	0.015161
754.5	0.014706
755.01	0.014928
755.51	0.015181
756.02	0.015582
756.52	0.014966
757.02	0.015404
757.53	0.015793
758.03	0.015092
758.54	0.015216
759.04	0.016109
759.54	0.016542
760.05	0.015683
760.55	0.015046
761.06	0.016285
761.56	0.016274
762.06	0.016316
762.57	0.015871
763.07	0.017051
763.58	0.016635
764.08	0.017453
764.58	0.01752
765.09	0.018987
765.59	0.018163
766.1	0.017255
766.6	0.01822
767.1	0.017983
767.61	0.017985
768.11	0.016805
768.62	0.017572
769.12	0.017642
