376.5	0.035504
377.01	0.035697
377.51	0.035145
378.02	0.0361
378.52	0.034804
379.02	0.033095
379.53	0.033617
380.03	0.031702
380.54	0.031591
381.04	0.032502
381.54	0.031023
382.05	0.029989
382.55	0.030185
383.06	0.028774
383.56	0.02833
384.06	0.028814
384.57	0.02869
385.07	0.02755
385.58	0.027528
386.08	0.027144
386.58	0.026333
387.09	0.025462
387.59	0.025322
388.1	0.024941
388.6	0.024571
389.1	0.023703
389.61	0.023682
390.11	0.023672
390.62	0.022975
391.12	0.021326
391.62	0.022169
392.13	0.021559
392.63	0.022122
393.14	0.021636
393.64	0.021223
394.14	0.020807
394.65	0.021184
395.15	0.020369
395.66	0.019832
396.16	0.01984
396.66	0.020248
397.17	0.01923
397.67	0.019613
398.18	0.019364
398.68	0.019384
399.18	0.019411
399.69	0.0195
400.19	0.019288
400.7	0.018998
401.2	0.019115
401.7	0.018906
402.21	0.01974
402.71	0.019673
403.22	0.019311
403.72	0.01963
404.22	0.019629
404.73	0.019452
405.23	0.019443
405.74	0.020236
406.24	0.019467
406.74	0.019862
407.25	0.019567
407.75	0.019783
408.26	0.019761
408.76	0.020003
409.26	0.019445
409.77	0.019464
410.27	0.019751
410.78	0.020054
411.28	0.019922
411.78	0.019749
412.29	0.020116
412.79	0.020076
413.3	0.019971
413.8	0.019871
414.3	0.019955
414.81	0.019869
415.31	0.019912
415.82	0.019901
416.32	0.019781
416.82	0.019993
417.33	0.019745
417.83	0.019776
418.34	0.019494
418.84	0.019582
419.34	0.019571
419.85	0.019632
420.35	0.01941
420.86	0.019324
421.36	0.019457
421.86	0.019406
422.37	0.019291
422.87	0.019256
423.38	0.019091
423.88	0.019216
424.38	0.01918
424.89	0.018769
425.39	0.019049
425.9	0.019082
426.4	0.019051
426.9	0.018862
427.41	0.018926
427.91	0.019043
428.42	0.018848
428.92	0.018793
429.42	0.018585
429.93	0.018979
430.43	0.018869
430.94	0.018897
431.44	0.019026
431.94	0.018913
432.45	0.019008
432.95	0.018729
433.46	0.019
433.96	0.018753
434.46	0.018731
434.97	0.018814
435.47	0.018966
435.98	0.018758
436.48	0.018847
436.98	0.018825
437.49	0.018642
437.99	0.018826
438.5	0.018582
439	0.018606
439.5	0.018773
440.01	0.018704
440.51	0.018828
441.02	0.018646
441.52	0.018468
442.02	0.01858
442.53	0.018538
443.03	0.018556
443.54	0.018495
444.04	0.018588
444.54	0.018405
445.05	0.018679
445.55	0.018535
446.06	0.018494
446.56	0.018478
447.06	0.018372
447.57	0.018397
448.07	0.018397
448.58	0.018412
449.08	0.018241
449.58	0.018231
450.09	0.018424
450.59	0.018389
451.1	0.018301
451.6	0.018285
452.1	0.018249
452.61	0.018458
453.11	0.018296
453.62	0.018164
454.12	0.018309
454.62	0.018294
455.13	0.018198
455.63	0.018272
456.14	0.01814
456.64	0.018141
457.14	0.018115
457.65	0.018043
458.15	0.018143
458.66	0.018078
459.16	0.018052
459.66	0.017876
460.17	0.017995
460.67	0.017849
461.18	0.017948
461.68	0.018058
462.18	0.01791
462.69	0.017843
463.19	0.017811
463.7	0.017781
464.2	0.01781
464.7	0.017698
465.21	0.017759
465.71	0.017792
466.22	0.017602
466.72	0.017621
467.22	0.017695
467.73	0.017552
468.23	0.017498
468.74	0.017594
469.24	0.017557
469.74	0.01744
470.25	0.017427
470.75	0.017414
471.26	0.017382
471.76	0.017291
472.26	0.017284
472.77	0.017275
473.27	0.017309
473.78	0.017212
474.28	0.01718
474.78	0.017254
475.29	0.017141
475.79	0.017085
476.3	0.017069
476.8	0.017091
477.3	0.017048
477.81	0.01708
478.31	0.017033
478.82	0.016895
479.32	0.016951
479.82	0.016931
480.33	0.016928
480.83	0.016919
481.34	0.01691
481.84	0.016801
482.34	0.016859
482.85	0.016849
483.35	0.016894
483.86	0.016838
484.36	0.016883
484.86	0.016925
485.37	0.016874
485.87	0.016803
486.38	0.016738
486.88	0.01683
487.38	0.016793
487.89	0.016765
488.39	0.016713
488.9	0.016741
489.4	0.016643
489.9	0.016646
490.41	0.016693
490.91	0.016613
491.42	0.01657
491.92	0.016576
492.42	0.016533
492.93	0.016539
493.43	0.01656
493.94	0.016443
494.44	0.016421
494.94	0.016428
495.45	0.016387
495.95	0.016308
496.46	0.016288
496.96	0.016307
497.46	0.016279
497.97	0.016177
498.47	0.016254
498.98	0.016129
499.48	0.016143
499.98	0.016095
500.49	0.016057
500.99	0.016049
501.5	0.015979
502	0.01595
502.5	0.015989
503.01	0.01592
503.51	0.015853
504.02	0.015845
504.52	0.015814
505.02	0.015848
505.53	0.015793
506.03	0.01579
506.54	0.015799
507.04	0.015671
507.54	0.015765
508.05	0.015722
508.55	0.015627
509.06	0.015703
509.56	0.015566
510.06	0.015596
510.57	0.015564
511.07	0.015506
511.58	0.015537
512.08	0.015459
512.58	0.015446
513.09	0.015474
513.59	0.015438
514.1	0.015372
514.6	0.015384
515.1	0.015355
515.61	0.015336
516.11	0.015301
516.62	0.015247
517.12	0.015222
517.62	0.015196
518.13	0.015203
518.63	0.015128
519.14	0.015209
519.64	0.015141
520.14	0.015119
520.65	0.015141
521.15	0.015096
521.66	0.01507
522.16	0.014983
522.66	0.014973
523.17	0.014991
523.67	0.014962
524.18	0.014984
524.68	0.014946
525.18	0.014886
525.69	0.014908
526.19	0.014817
526.7	0.014837
527.2	0.014838
527.7	0.014799
528.21	0.014821
528.71	0.014817
529.22	0.014801
529.72	0.014747
530.22	0.014718
530.73	0.014761
531.23	0.014694
531.74	0.014753
532.24	0.014679
532.74	0.014655
533.25	0.01468
533.75	0.014606
534.26	0.014579
534.76	0.014599
535.26	0.014581
535.77	0.014526
536.27	0.014521
536.78	0.014541
537.28	0.014535
537.78	0.014449
538.29	0.014498
538.79	0.01445
539.3	0.014454
539.8	0.014428
540.3	0.014432
540.81	0.014429
541.31	0.014454
541.82	0.014349
542.32	0.014342
542.82	0.014345
543.33	0.014377
543.83	0.014354
544.34	0.014332
544.84	0.01431
545.34	0.01428
545.85	0.014261
546.35	0.014261
546.86	0.014217
547.36	0.014202
547.86	0.014196
548.37	0.014217
548.87	0.014202
549.38	0.014201
549.88	0.014137
550.38	0.014168
550.89	0.014129
551.39	0.014115
551.9	0.014146
552.4	0.014118
552.9	0.014094
553.41	0.014066
553.91	0.014087
554.42	0.014042
554.92	0.014013
555.42	0.014041
555.93	0.014053
556.43	0.013966
556.94	0.013997
557.44	0.01396
557.94	0.013936
558.45	0.013907
558.95	0.013929
559.46	0.013942
559.96	0.01391
560.46	0.013918
560.97	0.01389
561.47	0.013854
561.98	0.01382
562.48	0.013822
562.98	0.013798
563.49	0.013768
563.99	0.013778
564.5	0.013809
565	0.01376
565.5	0.013779
566.01	0.013712
566.51	0.013722
567.02	0.013674
567.52	0.013716
568.02	0.013695
568.53	0.013644
569.03	0.013654
569.54	0.013674
570.04	0.013645
570.54	0.013653
571.05	0.013573
571.55	0.013629
572.06	0.013581
572.56	0.013549
573.06	0.013528
573.57	0.013592
574.07	0.013556
574.58	0.013533
575.08	0.013501
575.58	0.013503
576.09	0.013509
576.59	0.013444
577.1	0.013518
577.6	0.013494
578.1	0.013483
578.61	0.013474
579.11	0.013487
579.62	0.01337
580.12	0.013419
580.62	0.013362
581.13	0.013417
581.63	0.013394
582.14	0.013403
582.64	0.013386
583.14	0.013393
583.65	0.013384
584.15	0.01335
584.66	0.013362
585.16	0.013347
585.66	0.013347
586.17	0.013333
586.67	0.013371
587.18	0.01328
587.68	0.013307
588.18	0.013332
588.69	0.013266
589.19	0.01333
589.7	0.013282
590.2	0.01325
590.7	0.0132
591.21	0.013231
591.71	0.013227
592.22	0.013214
592.72	0.013221
593.22	0.013176
593.73	0.013192
594.23	0.013177
594.74	0.013198
595.24	0.01319
595.74	0.013132
596.25	0.0131
596.75	0.013132
597.26	0.013087
597.76	0.013082
598.26	0.013108
598.77	0.013109
599.27	0.013053
599.78	0.013079
600.28	0.013075
600.78	0.013013
601.29	0.013039
601.79	0.01302
602.3	0.01304
602.8	0.013004
603.3	0.01303
603.81	0.01299
604.31	0.013005
604.82	0.012988
605.32	0.013013
605.82	0.012943
606.33	0.012952
606.83	0.012987
607.34	0.012974
607.84	0.012923
608.34	0.012938
608.85	0.012887
609.35	0.012912
609.86	0.01291
610.36	0.012871
610.86	0.01289
611.37	0.012872
611.87	0.012864
612.38	0.012854
612.88	0.012865
613.38	0.01283
613.89	0.0128
614.39	0.012836
614.9	0.012828
615.4	0.012833
615.9	0.012782
616.41	0.012789
616.91	0.01276
617.42	0.012782
617.92	0.012707
618.42	0.012743
618.93	0.012732
619.43	0.012704
619.94	0.012762
620.44	0.012757
620.94	0.012724
621.45	0.012669
621.95	0.012734
622.46	0.012706
622.96	0.012663
623.46	0.012666
623.97	0.012612
624.47	0.012634
624.98	0.012646
625.48	0.012602
625.98	0.012631
626.49	0.012575
626.99	0.012573
627.5	0.012498
628	0.012535
628.5	0.012461
629.01	0.012506
629.51	0.012495
630.02	0.012482
630.52	0.012487
631.02	0.012529
631.53	0.012451
632.03	0.012546
632.54	0.012472
633.04	0.012438
633.54	0.012475
634.05	0.012469
634.55	0.012462
635.06	0.012439
635.56	0.012419
636.06	0.012393
636.57	0.012371
637.07	0.012444
637.58	0.012442
638.08	0.012355
638.58	0.012438
639.09	0.012367
639.59	0.01233
640.1	0.012316
640.6	0.012317
641.1	0.012391
641.61	0.012296
642.11	0.012344
642.62	0.012323
643.12	0.012231
643.62	0.012286
644.13	0.01221
644.63	0.012254
645.14	0.01226
645.64	0.012244
646.14	0.012132
646.65	0.012237
647.15	0.012183
647.66	0.012196
648.16	0.012236
648.66	0.012243
649.17	0.012156
649.67	0.012179
650.18	0.012111
650.68	0.012148
651.18	0.012067
651.69	0.012224
652.19	0.012125
652.7	0.012044
653.2	0.012125
653.7	0.01214
654.21	0.01215
654.71	0.012066
655.22	0.012148
655.72	0.012113
656.22	0.012036
656.73	0.012108
657.23	0.012079
657.74	0.012075
658.24	0.012064
658.74	0.012091
659.25	0.012047
659.75	0.01204
660.26	0.012064
660.76	0.012056
661.26	0.011962
661.77	0.011986
662.27	0.012039
662.78	0.012035
663.28	0.01203
663.78	0.011963
664.29	0.011993
664.79	0.012054
665.3	0.012016
665.8	0.011866
666.3	0.011947
666.81	0.01191
667.31	0.011934
667.82	0.011926
668.32	0.012013
668.82	0.011886
669.33	0.011834
669.83	0.01194
670.34	0.011848
670.84	0.011881
671.34	0.011872
671.85	0.011898
672.35	0.01187
672.86	0.011771
673.36	0.011825
673.86	0.011898
674.37	0.011709
674.87	0.011732
675.38	0.011664
675.88	0.011772
676.38	0.011899
676.89	0.011677
677.39	0.011616
677.9	0.011582
678.4	0.011642
678.9	0.011644
679.41	0.011544
679.91	0.011527
680.42	0.011577
680.92	0.011587
681.42	0.011551
681.93	0.011477
682.43	0.011469
682.94	0.011504
683.44	0.011479
683.94	0.011407
684.45	0.011306
684.95	0.011426
685.46	0.011533
685.96	0.011404
686.46	0.011384
686.97	0.011431
687.47	0.011221
687.98	0.011385
688.48	0.011361
688.98	0.011281
689.49	0.01128
689.99	0.011282
690.5	0.011235
691	0.011356
691.5	0.011259
692.01	0.011484
692.51	0.011362
693.02	0.011404
693.52	0.011416
694.02	0.011373
694.53	0.011626
695.03	0.011484
695.54	0.011435
696.04	0.011643
696.54	0.011611
697.05	0.011632
697.55	0.011676
698.06	0.011623
698.56	0.011778
699.06	0.011434
699.57	0.011704
700.07	0.011493
700.58	0.011901
701.08	0.011681
701.58	0.011638
702.09	0.011642
702.59	0.011825
703.1	0.011842
703.6	0.011907
704.1	0.011822
704.61	0.011649
705.11	0.01194
705.62	0.011704
706.12	0.01173
706.62	0.011661
707.13	0.011698
707.63	0.011885
708.14	0.011701
708.64	0.011777
709.14	0.011839
709.65	0.011616
710.15	0.011801
710.66	0.01153
711.16	0.011664
711.66	0.011595
712.17	0.011878
712.67	0.011808
713.18	0.011508
713.68	0.011808
714.18	0.011611
714.69	0.011687
715.19	0.011785
715.7	0.011631
716.2	0.011989
716.7	0.011505
717.21	0.011459
717.71	0.011778
718.22	0.011438
718.72	0.011573
719.22	0.011396
719.73	0.011324
720.23	0.011533
720.74	0.01152
721.24	0.011483
721.74	0.011252
722.25	0.011653
722.75	0.011407
723.26	0.011341
723.76	0.011313
724.26	0.011368
724.77	0.010724
725.27	0.011547
725.78	0.010976
726.28	0.011339
726.78	0.011578
727.29	0.011666
727.79	0.011568
728.3	0.011411
728.8	0.011898
729.3	0.011348
729.81	0.011642
730.31	0.011466
730.82	0.011615
731.32	0.011906
731.82	0.01152
732.33	0.011758
732.83	0.012095
733.34	0.01185
733.84	0.012057
734.34	0.011808
734.85	0.011669
735.35	0.012063
735.86	0.012244
736.36	0.012896
736.86	0.011424
737.37	0.012596
737.87	0.012157
738.38	0.01226
738.88	0.012088
739.38	0.013374
739.89	0.012208
740.39	0.012495
740.9	0.012768
741.4	0.013176
741.9	0.012595
742.41	0.013466
742.91	0.013363
743.42	0.013793
743.92	0.01337
744.42	0.013845
744.93	0.013847
745.43	0.013469
745.94	0.01344
746.44	0.013563
746.94	0.013871
747.45	0.013949
747.95	0.014074
748.46	0.014643
748.96	0.013953
749.46	0.014443
749.97	0.013877
750.47	0.014215
750.98	0.014546
751.48	0.014725
751.98	0.015035
752.49	0.015515
752.99	0.015336
753.5	0.015134
754	0.014574
754.5	0.014892
755.01	0.014969
755.51	0.015202
756.02	0.015646
756.52	0.014753
757.02	0.015762
757.53	0.015229
758.03	0.014924
758.54	0.015205
759.04	0.016692
759.54	0.016359
760.05	0.016105
760.55	0.015246
761.06	0.017092
761.56	0.016939
762.06	0.016984
762.57	0.015969
763.07	0.01674
763.58	0.016945
764.08	0.017314
764.58	0.017379
765.09	0.018419
765.59	0.017787
766.1	0.017766
766.6	0.018392
767.1	0.01809
767.61	0.017782
768.11	0.016846
768.62	0.017709
769.12	0.018538
