376.5	0.036146
377.01	0.034545
377.51	0.034899
378.02	0.035876
378.52	0.034833
379.02	0.03334
379.53	0.03465
380.03	0.031385
380.54	0.03189
381.04	0.031572
381.54	0.03129
382.05	0.030309
382.55	0.029616
383.06	0.028762
383.56	0.029121
384.06	0.028096
384.57	0.028046
385.07	0.027329
385.58	0.027122
386.08	0.026464
386.58	0.025831
387.09	0.025712
387.59	0.02529
388.1	0.024762
388.6	0.024912
389.1	0.023347
389.61	0.023365
390.11	0.02342
390.62	0.022927
391.12	0.021692
391.62	0.021577
392.13	0.021914
392.63	0.022157
393.14	0.021715
393.64	0.02062
394.14	0.020519
394.65	0.02095
395.15	0.020164
395.66	0.020266
396.16	0.019809
396.66	0.020256
397.17	0.01936
397.67	0.019448
398.18	0.019482
398.68	0.01916
399.18	0.019354
399.69	0.019228
400.19	0.01915
400.7	0.018795
401.2	0.019029
401.7	0.018886
402.21	0.019187
402.71	0.019667
403.22	0.019255
403.72	0.019814
404.22	0.019743
404.73	0.019499
405.23	0.019588
405.74	0.019888
406.24	0.019254
406.74	0.01989
407.25	0.019567
407.75	0.019687
408.26	0.019872
408.76	0.019745
409.26	0.019694
409.77	0.019689
410.27	0.019796
410.78	0.020127
411.28	0.019979
411.78	0.019612
412.29	0.020291
412.79	0.019884
413.3	0.01971
413.8	0.019946
414.3	0.01983
414.81	0.019976
415.31	0.019996
415.82	0.020046
416.32	0.019805
416.82	0.020073
417.33	0.019797
417.83	0.019839
418.34	0.019563
418.84	0.019687
419.34	0.019724
419.85	0.019527
420.35	0.019561
420.86	0.01954
421.36	0.01937
421.86	0.019286
422.37	0.01925
422.87	0.019566
423.38	0.019288
423.88	0.01929
424.38	0.019362
424.89	0.019023
425.39	0.019018
425.9	0.019159
426.4	0.019219
426.9	0.019077
427.41	0.018885
427.91	0.019127
428.42	0.018979
428.92	0.018703
429.42	0.018819
429.93	0.018987
430.43	0.019147
430.94	0.019134
431.44	0.018955
431.94	0.019001
432.45	0.019111
432.95	0.018902
433.46	0.0189
433.96	0.018978
434.46	0.018897
434.97	0.018874
435.47	0.019039
435.98	0.018768
436.48	0.018975
436.98	0.018898
437.49	0.018906
437.99	0.01882
438.5	0.018795
439	0.018689
439.5	0.018885
440.01	0.018877
440.51	0.018965
441.02	0.018846
441.52	0.018549
442.02	0.018653
442.53	0.018606
443.03	0.0186
443.54	0.018628
444.04	0.018614
444.54	0.018469
445.05	0.018765
445.55	0.018652
446.06	0.018681
446.56	0.018675
447.06	0.018475
447.57	0.018505
448.07	0.018535
448.58	0.018618
449.08	0.01857
449.58	0.018455
450.09	0.018575
450.59	0.018604
451.1	0.018641
451.6	0.018483
452.1	0.018518
452.61	0.018596
453.11	0.018529
453.62	0.018281
454.12	0.018461
454.62	0.018284
455.13	0.018451
455.63	0.018462
456.14	0.018313
456.64	0.018264
457.14	0.018364
457.65	0.018241
458.15	0.018332
458.66	0.018287
459.16	0.0182
459.66	0.01803
460.17	0.018136
460.67	0.018069
461.18	0.018203
461.68	0.018205
462.18	0.017996
462.69	0.018047
463.19	0.017969
463.7	0.017923
464.2	0.017947
464.7	0.017812
465.21	0.017882
465.71	0.017964
466.22	0.017737
466.72	0.017785
467.22	0.017847
467.73	0.017681
468.23	0.01766
468.74	0.017718
469.24	0.01775
469.74	0.017567
470.25	0.017585
470.75	0.01754
471.26	0.01754
471.76	0.017538
472.26	0.017446
472.77	0.0174
473.27	0.017426
473.78	0.017367
474.28	0.017351
474.78	0.017401
475.29	0.017351
475.79	0.017301
476.3	0.017237
476.8	0.017288
477.3	0.01719
477.81	0.017307
478.31	0.01721
478.82	0.017179
479.32	0.017134
479.82	0.017175
480.33	0.017137
480.83	0.017162
481.34	0.017118
481.84	0.017067
482.34	0.017102
482.85	0.017129
483.35	0.017117
483.86	0.017036
484.36	0.017054
484.86	0.01718
485.37	0.017084
485.87	0.017015
486.38	0.016995
486.88	0.017003
487.38	0.016999
487.89	0.017011
488.39	0.01698
488.9	0.016936
489.4	0.016847
489.9	0.016886
490.41	0.016917
490.91	0.016847
491.42	0.016811
491.92	0.016804
492.42	0.016711
492.93	0.016666
493.43	0.016718
493.94	0.016558
494.44	0.016697
494.94	0.016608
495.45	0.016567
495.95	0.016509
496.46	0.016438
496.96	0.016419
497.46	0.016451
497.97	0.016377
498.47	0.016398
498.98	0.016279
499.48	0.016348
499.98	0.016267
500.49	0.016278
500.99	0.016201
501.5	0.016139
502	0.01612
502.5	0.016153
503.01	0.01606
503.51	0.016119
504.02	0.016027
504.52	0.01597
505.02	0.015978
505.53	0.015932
506.03	0.015926
506.54	0.015923
507.04	0.015863
507.54	0.015881
508.05	0.015873
508.55	0.01586
509.06	0.015838
509.56	0.015732
510.06	0.015713
510.57	0.015746
511.07	0.015683
511.58	0.015701
512.08	0.015638
512.58	0.015647
513.09	0.015604
513.59	0.015589
514.1	0.0155
514.6	0.015532
515.1	0.015489
515.61	0.015479
516.11	0.015477
516.62	0.015401
517.12	0.015404
517.62	0.015377
518.13	0.015333
518.63	0.015283
519.14	0.01534
519.64	0.015262
520.14	0.015231
520.65	0.015273
521.15	0.015268
521.66	0.015249
522.16	0.015148
522.66	0.015129
523.17	0.015173
523.67	0.015122
524.18	0.015158
524.68	0.015091
525.18	0.014988
525.69	0.015063
526.19	0.014984
526.7	0.015015
527.2	0.014946
527.7	0.014956
528.21	0.014949
528.71	0.014937
529.22	0.014922
529.72	0.014924
530.22	0.01489
530.73	0.01485
531.23	0.014804
531.74	0.014882
532.24	0.014833
532.74	0.014801
533.25	0.014768
533.75	0.014737
534.26	0.014721
534.76	0.014728
535.26	0.014765
535.77	0.0147
536.27	0.014656
536.78	0.014676
537.28	0.014685
537.78	0.014603
538.29	0.014605
538.79	0.014571
539.3	0.014602
539.8	0.014562
540.3	0.014587
540.81	0.014526
541.31	0.014548
541.82	0.014502
542.32	0.014491
542.82	0.014532
543.33	0.014495
543.83	0.014453
544.34	0.014522
544.84	0.014486
545.34	0.014413
545.85	0.0144
546.35	0.014413
546.86	0.014368
547.36	0.014391
547.86	0.014345
548.37	0.014358
548.87	0.01436
549.38	0.014353
549.88	0.014274
550.38	0.014352
550.89	0.014276
551.39	0.014293
551.9	0.014301
552.4	0.014246
552.9	0.014226
553.41	0.014229
553.91	0.014196
554.42	0.014181
554.92	0.014138
555.42	0.014138
555.93	0.014192
556.43	0.014111
556.94	0.014131
557.44	0.014121
557.94	0.014072
558.45	0.014058
558.95	0.01408
559.46	0.01406
559.96	0.014053
560.46	0.014031
560.97	0.014044
561.47	0.013996
561.98	0.014001
562.48	0.014018
562.98	0.013973
563.49	0.01398
563.99	0.013999
564.5	0.013996
565	0.013937
565.5	0.013888
566.01	0.013855
566.51	0.013882
567.02	0.01385
567.52	0.013838
568.02	0.013837
568.53	0.013821
569.03	0.013789
569.54	0.013732
570.04	0.013781
570.54	0.013759
571.05	0.01373
571.55	0.013738
572.06	0.013703
572.56	0.013723
573.06	0.013732
573.57	0.013747
574.07	0.013688
574.58	0.013659
575.08	0.013659
575.58	0.013653
576.09	0.013641
576.59	0.013593
577.1	0.013673
577.6	0.013619
578.1	0.013621
578.61	0.013585
579.11	0.013614
579.62	0.013544
580.12	0.013572
580.62	0.013558
581.13	0.013551
581.63	0.013525
582.14	0.01351
582.64	0.013497
583.14	0.013533
583.65	0.013497
584.15	0.013517
584.66	0.013452
585.16	0.013421
585.66	0.013489
586.17	0.013439
586.67	0.013476
587.18	0.013419
587.68	0.013428
588.18	0.013418
588.69	0.01339
589.19	0.01343
589.7	0.013403
590.2	0.013362
590.7	0.013285
591.21	0.013356
591.71	0.013313
592.22	0.013345
592.72	0.013357
593.22	0.013279
593.73	0.013347
594.23	0.013314
594.74	0.013266
595.24	0.013356
595.74	0.013304
596.25	0.013215
596.75	0.013278
597.26	0.013272
597.76	0.013243
598.26	0.013264
598.77	0.013201
599.27	0.013174
599.78	0.013161
600.28	0.01321
600.78	0.013172
601.29	0.013182
601.79	0.013146
602.3	0.013161
602.8	0.01315
603.3	0.013095
603.81	0.013102
604.31	0.01313
604.82	0.013061
605.32	0.013128
605.82	0.013045
606.33	0.013068
606.83	0.013078
607.34	0.013159
607.84	0.013082
608.34	0.013089
608.85	0.013019
609.35	0.013032
609.86	0.01305
610.36	0.012981
610.86	0.013029
611.37	0.012978
611.87	0.012959
612.38	0.01293
612.88	0.012947
613.38	0.012918
613.89	0.012931
614.39	0.012982
614.9	0.012959
615.4	0.012916
615.9	0.012879
616.41	0.012905
616.91	0.012892
617.42	0.012886
617.92	0.012851
618.42	0.012852
618.93	0.012848
619.43	0.012843
619.94	0.012847
620.44	0.012835
620.94	0.012846
621.45	0.012792
621.95	0.012812
622.46	0.01283
622.96	0.012777
623.46	0.012831
623.97	0.012792
624.47	0.012768
624.98	0.012757
625.48	0.012707
625.98	0.012719
626.49	0.012684
626.99	0.012691
627.5	0.012675
628	0.012633
628.5	0.012566
629.01	0.012638
629.51	0.012621
630.02	0.012648
630.52	0.012604
631.02	0.012622
631.53	0.012574
632.03	0.012585
632.54	0.012585
633.04	0.012584
633.54	0.012592
634.05	0.012587
634.55	0.012626
635.06	0.012536
635.56	0.012529
636.06	0.012504
636.57	0.012491
637.07	0.012551
637.58	0.012506
638.08	0.012477
638.58	0.012517
639.09	0.012498
639.59	0.012429
640.1	0.012448
640.6	0.012447
641.1	0.012465
641.61	0.0124
642.11	0.012477
642.62	0.012444
643.12	0.012375
643.62	0.012397
644.13	0.012398
644.63	0.012402
645.14	0.012399
645.64	0.012269
646.14	0.012319
646.65	0.012347
647.15	0.012319
647.66	0.012279
648.16	0.012351
648.66	0.012335
649.17	0.012288
649.67	0.01231
650.18	0.01229
650.68	0.012348
651.18	0.012191
651.69	0.012292
652.19	0.012214
652.7	0.012206
653.2	0.012224
653.7	0.012294
654.21	0.012129
654.71	0.012197
655.22	0.012269
655.72	0.012248
656.22	0.012121
656.73	0.01222
657.23	0.012171
657.74	0.01215
658.24	0.012188
658.74	0.012115
659.25	0.012188
659.75	0.012183
660.26	0.012144
660.76	0.012077
661.26	0.012064
661.77	0.012184
662.27	0.012115
662.78	0.012047
663.28	0.012117
663.78	0.012103
664.29	0.012014
664.79	0.012119
665.3	0.012101
665.8	0.011936
666.3	0.011996
666.81	0.011983
667.31	0.012032
667.82	0.012067
668.32	0.012023
668.82	0.012031
669.33	0.011938
669.83	0.012054
670.34	0.011989
670.84	0.011979
671.34	0.011959
671.85	0.011942
672.35	0.011953
672.86	0.011877
673.36	0.011886
673.86	0.011978
674.37	0.01186
674.87	0.011943
675.38	0.011837
675.88	0.011835
676.38	0.011937
676.89	0.011715
677.39	0.011778
677.9	0.011685
678.4	0.011752
678.9	0.011734
679.41	0.011643
679.91	0.011639
680.42	0.011561
680.92	0.011609
681.42	0.011611
681.93	0.011596
682.43	0.011609
682.94	0.011552
683.44	0.011579
683.94	0.011503
684.45	0.011409
684.95	0.011551
685.46	0.011495
685.96	0.011364
686.46	0.01138
686.97	0.011526
687.47	0.01138
687.98	0.011523
688.48	0.011287
688.98	0.011322
689.49	0.011322
689.99	0.011291
690.5	0.011322
691	0.011427
691.5	0.01134
692.01	0.011409
692.51	0.011408
693.02	0.011369
693.52	0.011408
694.02	0.011386
694.53	0.011498
695.03	0.01141
695.54	0.011331
696.04	0.011693
696.54	0.011572
697.05	0.011473
697.55	0.011684
698.06	0.011494
698.56	0.01168
699.06	0.011504
699.57	0.011661
700.07	0.011552
700.58	0.011772
701.08	0.011608
701.58	0.011681
702.09	0.011733
702.59	0.011771
703.1	0.011654
703.6	0.011864
704.1	0.011727
704.61	0.011709
705.11	0.01171
705.62	0.011575
706.12	0.011618
706.62	0.011631
707.13	0.011779
707.63	0.011653
708.14	0.011762
708.64	0.011844
709.14	0.011937
709.65	0.011619
710.15	0.011924
710.66	0.011467
711.16	0.011458
711.66	0.011544
712.17	0.011562
712.67	0.011927
713.18	0.011632
713.68	0.011433
714.18	0.011542
714.69	0.011522
715.19	0.011693
715.7	0.011606
716.2	0.011559
716.7	0.011296
717.21	0.011375
717.71	0.011205
718.22	0.011173
718.72	0.011455
719.22	0.011332
719.73	0.0111
720.23	0.011172
720.74	0.011436
721.24	0.01118
721.74	0.011109
722.25	0.01094
722.75	0.011192
723.26	0.010993
723.76	0.011001
724.26	0.011214
724.77	0.010828
725.27	0.011249
725.78	0.011054
726.28	0.011058
726.78	0.011216
727.29	0.011237
727.79	0.011253
728.3	0.01093
728.8	0.011408
729.3	0.011153
729.81	0.011588
730.31	0.01105
730.82	0.011294
731.32	0.011598
731.82	0.010998
732.33	0.011552
732.83	0.011672
733.34	0.01144
733.84	0.011977
734.34	0.01131
734.85	0.011485
735.35	0.011973
735.86	0.011895
736.36	0.012245
736.86	0.011171
737.37	0.012021
737.87	0.011712
738.38	0.012205
738.88	0.011239
739.38	0.012815
739.89	0.011539
740.39	0.012298
740.9	0.01236
741.4	0.012996
741.9	0.01226
742.41	0.012906
742.91	0.012694
743.42	0.013635
743.92	0.01301
744.42	0.013041
744.93	0.013404
745.43	0.012994
745.94	0.01349
746.44	0.013213
746.94	0.013897
747.45	0.013198
747.95	0.013419
748.46	0.014043
748.96	0.013265
749.46	0.01405
749.97	0.013214
750.47	0.013273
750.98	0.014213
751.48	0.01368
751.98	0.014142
752.49	0.01481
752.99	0.014311
753.5	0.014477
754	0.014088
754.5	0.014211
755.01	0.014207
755.51	0.014519
756.02	0.015357
756.52	0.014486
757.02	0.014925
757.53	0.014842
758.03	0.014499
758.54	0.014552
759.04	0.015755
759.54	0.01598
760.05	0.015332
760.55	0.014468
761.06	0.016083
761.56	0.015791
762.06	0.015903
762.57	0.015366
763.07	0.016007
763.58	0.015915
764.08	0.015894
764.58	0.016829
765.09	0.017489
765.59	0.017034
766.1	0.016572
766.6	0.017796
767.1	0.017352
767.61	0.017243
768.11	0.015912
768.62	0.016663
769.12	0.017532
